text,sent_makanan,sent_harga,sent_layanan,sent_lingkungan,sent_umum,,numerik_makanan,numerik_harga,numerik_layanan,numerik_lingkungan,numerik_umum
"Pindah ke tempat yg lebih gede, jumlah pengunjungnya makin gede juga...

walau Deket bgt dari rumah, ini prtama kali kesini karena liat dari luar â€¦",,,,positif,,,0,0,0,1,0
"Secara mie yang disajikan ada 2 macam, ada yang gurih (mie hompimpa) ada yang manis (mie gacoan). Keduanya ada level pedas yang bisa dipilih. Strategi penjualannya menarik khususnya bagi anak muda karena harga mienya cukup ramah dikantong â€¦",positif,positif,,,,,1,1,0,0,0
Beli mie gacoan dan dimsum take away kemasannya dg sterofoam. Pdhl foam tdk baik utk maknan panas. Sedangkan di jakarta dan surabaya menggunakan kardus mie gacoan sendiri. Knp bisa tdk sama sop nya antar kota yaa..,negatif,,negatif,,,,2,0,2,0,0
"Lokasi baru di Kota Jember setelah sebelumnya yang berada di jalan Sumatra. Disini lebih besar dan luas tempatnya. Begitu juga parkir kendaraannya, tapi tetap masih untuk roda 2 saja, untuk roda 4 cari sendiri di bahu jalan. Selalu ramai â€¦",,,,positif,,,0,0,0,1,0
"rasanya lebih enak daripada yg sebelumnya, dipertahankan..
layanan menggunakan sistem baru dan cukup efektif, cepet juga, toilet bersih, suasana sangat ramai pengunjungnya padahal udah tengah malam.. parkit motor cukup luas, parkir mobil agak sempit karena dipinggir jalan..",positif,,positif,negatif,,,1,0,1,1,0
"Tempat yang baru ini lebih bagus, lebih luas, dan pastinya lebih rame. Sistemnya sudah update sehingga lebih terkoordinir, dari awal dateng akan dicatat nama dan di beri alat untuk ambil minuman dan dimsum secara self service, untuk mie nya â€¦",,,positif,positif,,,0,0,1,1,0
"waktu kesini keadaan rame banget, antri dan bahkan waiting list. buat dapet meja harus antri 15 menit. mungkin bisa dibenahi lagi, apalagi petugas yg manggilin cust buat masuk antrian meja masi pake mikrofon yang menurutku suaranya bahkan ga jelas",,,negatif,negatif,,,0,0,2,2,0
"tanpa antri pesan berdiri, tinggal duduk, scan barcode, pilih menu, langsung payment cashless, tempat luas parkiranpun juga luas.",,,positif,positif,,,0,0,1,1,0
"Tempatnya sih ok banget, karna baru dan luas. Cuman knp pelayanan dine in nya jadi NO BANGET! Luama kali minuman dan dimsumnya, cuma mi nya doang yang cepet. Lah dikira bisa makan pedes2 gausa minum?ðŸ¤¯ Tolong yaa diperbaiki sistemnya, karna ojol2 cepet bangett malah yg dine in terlupakan welll â€¦",,,negatif,positif,,,0,0,2,1,0
Pelayanannya cepat tempatnya lebih luas oke banget sih buat resto yang sekarang apalagiiiiii parkiran luas sat set bntgt buat masnya ngebantuin soal pelayanan 100 sihhh kamar mandi bersih,,,positif,positif,,,0,0,1,1,0
"Gacoan ga pernah salah si, bagi ku masih enak banget dan khas. Lebih suka juga sistem yg sekarang, datang, waiting list, pesen lewat barcode di meja, tinggal pilih pembayaran qris/ke kasir, udah deh tinggal nunggu pesanan diantar. ",positif,,positif,,,,1,0,1,0,0
"Selain menunya enak dan harga terjangkau, pelayanannya juga baik. Pegawainya super ramah dan tempatnya juga sangat nyaman.",positif,positif,positif,positif,,,1,1,1,1,0
Mie gacoan Jember dengan bangunan dan suasana yang baru. Tempat lebih luas dengan sistem pemesanan di meja. Sayangnya jarak waktu antara minuman datang dengan makanan datang sangat sangat lama. Pelayanan bisa ditingkatkan,,,negatif,positif,,,0,0,2,1,0
"memesan tidak perlu antri ke kasir, harga yang terjangkau tapi sangat worth it, the best memang gacoan gapernah bosen ðŸ¤©ðŸ¤© â€¦",,positif,positif,,,,0,1,1,0,0
"Akhirnya bintang sempurna gacoann jemberr the bestðŸ˜ðŸ˜ peningkatan luar biasaðŸ‘ðŸ»ðŸ‘ðŸ»
- PELAYANAN CEPAT 25 MENIT SAMA NGASIRðŸ’¯
- TEMPAT DUDUK BANYAK LUAS SEKALI PARKIR GAPERLU RIBET KYAK DLUU YG DI JALAN â€¦",,,positif,positif,,,0,0,1,1,0
"Makanannya enakÂ² aja, cuma gak kuat bgt lamanya. Sampe sini jam 19.00, smpe jam 20.11 makanan belum juga dateng.
Masih ada nunggu kursi, nunggu minuman, nunggu dimsumnya ",positif,,negatif,,,,1,0,2,0,0
"tempatnya bagus, luas. tapi kalau lagi rame kadang tempat duduknya pun kosong, harus nunggu. mienya enak, smuanya enak sih dengan harga 10k an. parkir motor 2k, gojek 1k. parkir sudah pake kaya di roxy, pelayanan oke, antri tidak lama. â€¦",positif,positif,positif,positif,,,1,1,1,1,0
"sangatt suka tempat gacoan terbaru ,tempatnya lebih luas dan lebih estetikk hehee, musholla juga lebih baik dari sebelumnya apalagi kamar mandinya sangat jauh lebih baikðŸ¤ŸðŸ»ðŸ¤ŸðŸ»ðŸ¤ŸðŸ»ðŸ¤ŸðŸ»hanya saja saat mengantri sedikit lama ,namun tempat yang disediakan banyakk. cukupp puas dengan gacoan terbaru iniðŸ˜½ðŸ˜½ðŸ˜½ðŸ˜½ðŸ˜‚ðŸ˜‚ â€¦",,,negatif,positif,,,0,0,2,1,0
"Suka bgt sama mie dan udang rambutannya, pelayannya ramah, terimakasih",positif,,positif,,,,1,0,1,0,0
"Tempat yg sekarang jauh lebih luas parkirannya juga luas sekali, untuk rasanya masih sama seperti dicabang yg lama, hanya saja memang menunggu pesannya agak lama meskipun dine in biasanya minuman dan dimsum keluar lebih dulu lalu mienya â€¦",netral,,negatif,positif,,,3,0,2,1,0
"Gacoan jember yang sekarang sangat luas dan nyaman, apalagi pelayannya  sat set walaupun waiting list tidak terlalu lama dapet nomer meja, APALAGI MBAK DINI,sangat ramah,waktu scan barcode agak eror lngsung dibantu sm mbak dini heheheh,semangat terusss!! sukses gacoan jemberðŸ’– â€¦",,,positif,positif,,,0,0,1,1,0
"Tempatnya lebih luas,bersih pelayanannya ramah, pelayanannya cepet meskipun antriannya pajang bangett",,,positif,positif,,,0,0,1,1,0
"#gacoangariskeras
#cintagacoan
Rasanyaaaa melayang rekkkkkkkkk duhh pedesnya nampolllll mienya gurih â€¦",positif,,,,,,1,0,0,0,0
Yang mau ke sini siap siapin perut kosong soalnyaaa makanannya enak semuaaaaaaaaa dan pelayanannya ramah ramahh dan 1 lagiii tempatnya luassss bngttt dan selalu nyamann sama servicenyaaaa,positif,,positif,positif,,,1,0,1,1,0
Pelayanannya cepat tempat luas dan makanannyaa enak enak bangetttt murah lagiiii rekomendasi dehhhhhh,positif,positif,positif,positif,,,1,1,1,1,0
Pelayannya ramah banget ini tempat makan yang rame tapi tetep mentingin estimasi jadiii suka bngt dan akan balik lagi gercep bngt mas masnyaaa ngelayanin,,,positif,positif,,,0,0,1,1,0
Pelayanan nya oke banget rasanya mantap selalu konsisten cocok untuk bareng2 sma kluarga yang bingung mau makan dimana,positif,,positif,,,,1,0,1,0,0
"tempatnya lebih luas dan nyaman ,,,bagus untuk berfotoo ,karyawan juga selalu siap melayanii , apalagi untuk customer dine inðŸ‘ðŸ»ðŸ‘ðŸ»ðŸ‘ðŸ»ðŸ¥°ðŸ¥° â€¦",,,positif,positif,,,0,0,1,1,0
"makan enak dan pelayanannya baik, datangnya cepat",positif,,positif,,,,1,0,1,0,0
"suka banget sama tempatnya, bersih, nyaman dan lebih luas dari sebelumnya, good job, semoga tambah rame dengan adanya perubahan baru",,,,positif,,,0,0,0,1,0
"Sekedar saran saja, alangkah baiknya jika penempatan sumpit tidak di bagian belakang tubuh dekat pantat. Meski sudah di bungkus dgn plastik sumpit, tp agak kurang enak di pandanh bagi beberapa customer. Krn itu alat makan bukan tisu/lap. Terimakasih",,,,negatif,,,0,0,0,2,0
Kak aku kasi bintang 1000000 deh untuk gacoan yang sekarang apalgi soal pelayanan kek ramah bngt gercep ngebantuin luas juga tempatnyaaaaa terus kakak kakaknya juga seru dan lucuuuuu,,,positif,positif,,,0,0,1,1,0
"Suasana nyaman sekali, pelayanannya juga ramah apalagi mbak mbak bagian jaga didepan selalu tersenyum namanya mbak iklimatus, semangat terimakasih gacoan Jember",,,positif,positif,,,0,0,1,1,0
Pelayanan cepat. Rasanya tetep enak. Size dimsumnya gede. Kebersihan terjaga,positif,,positif,positif,,,1,0,1,1,0
"Peningkatan banget semuanya. Dari segi pelayanan, dari segi tempatnya. best pokoknya. Jadi lebih efisien. Cuma agak panas aja, diikiiitt ðŸ˜ â€¦",,,positif,negatif,,,0,0,1,2,0
sungkemmmmmm dulu sama gcoan jember se enak itu se nyaman itu se care itu pelayanan okee bngt ini si ter dabestttttt tempatnya makanannya pelayanannyaaaaaa gongg bagtt udahhhhh ðŸ˜ðŸ˜ðŸ˜ðŸ˜ðŸ˜ðŸ˜ðŸ˜ðŸ˜â¤ï¸â¤ï¸âœ¨ï¸ðŸ˜ â€¦,positif,,positif,positif,,,1,0,1,1,0
"Pelayanan bagus,mie favorit ga pernah bosen kalo ke gacoan",positif,,positif,,,,1,0,1,0,0
Boommmmmmmm bngtt rekk jemban wong Jember wong semua karna cinta wajib ke gacoan jembr ini siiiiii tempat luassss aduhaiii bagtt dehhh pokoknyaaaaaaaaa manusia mana yang gasuka gacoannn sinii majuuuuuuuuu #gaongariskerasðŸ”¥â¤ï¸ðŸ”¥â¤ï¸ðŸ”¥â¤ï¸ðŸ”¥â˜ï¸ðŸŒ¹ðŸ¥°ðŸŒ·ðŸ’ž â€¦,,,,positif,,,0,0,0,1,0
"Tempatnya lebih luas,pelayanan baik...tidak pernah mengecewakan selalu bikin ketagihan",,,positif,positif,,,0,0,1,1,0
"Toiletnya ga bersih, sementara waktu tunggu yg lama kdng bikin kita Harus ke toilet yg aaauuuh ah....",,,negatif,negatif,,,0,0,2,2,0
"setelah sekian lama, gacoan berpindah ke tempat yg lebih luas
sama dengan gacoan di kota lain, tempatnya luas, memang agak sedikit panas dan ketika pesenan selesai, nama yg dipanggil kurang kedengaran jelas, ",,,,negatif,,,0,0,0,2,0
"Sukaa bgt sama gacoan yang baruuu,pelayanan cepat, tempat bersihh akan selalu langganann",,,positif,positif,,,0,0,1,1,0
pelayanannyaaaa bagussssss bngt enakk ramahhhh bestt gacoann besttðŸ¥³ðŸ’—ðŸ’—ðŸ’—ðŸ’—ðŸ’—ðŸ’—ðŸ’—ðŸ’—ðŸ’—ðŸ˜ðŸ˜ðŸ˜ðŸ˜ðŸ’—ðŸ’—ðŸ’—ðŸ’—ðŸ’— â€¦,,,positif,,,,0,0,1,0,0
"Makannya bikin nagih pool. Enak banget..
Pelayanannya ramah banget apalagi yang namanya mas adit baik dan sopan banget terimakasih mas adit",positif,,positif,,,,1,0,1,0,0
"Makanan enak, tempatnya makin luas daripada yang di sumatra duluu, sippp",positif,,,netral,,,1,0,0,3,0
"Sangat suka dengan pelayanan nya, makanan nya enak + pelayanan nya ramah
Saya mendapatkan nomer meja dengan cepat",positif,,positif,,,,1,0,1,0,0
"seruu bngtt luass jauh lebih luas daripada yg lamaa, trus makanannya jg lebih cepet datengnyaâœ‹ðŸ»ðŸ˜†ðŸ¤ðŸ¤ â€¦",,,positif,positif,,,0,0,1,1,0
"Gacoan jember resto baru the best, bener2 konsisten pelayannya cepat dan bagus apalagi MAS RAGIL, super duper ramah, baru dateng langsung dapet kursi, sekarang bisa pesan dimeja gaperlu antri berdiri dikasir lebih nyaman
Sukses gacoan jember",,,positif,positif,,,0,0,1,1,0
"tempat baru lebih luas dan nyaman, pelayanan baik, pesanan cepat jika tidak ramai, cenderung ramai",,,positif,positif,,,0,0,1,1,0
"Tempatnya nyaman, bagus, luas, & bersih. makannya enak2 semua, minumannya jg mantap.",positif,,,positif,,,1,0,0,1,0
mie nya si enak tapi layanannya kurang waktu take away nama nya riskia pas dipanggil riska mana dipanggilnya 3x tetep riska,positif,,negatif,,,,1,0,2,0,0
"pelayanan memuaskan ,makanan mantul enak betul",positif,,positif,,,,1,0,1,0,0
"Mienya gacoannya warna nya lebih pucat dan rasanya agak hambar, beda pas di gacoan yang lama, terus pelayanannya lama hampir sejam baru diantar padahal jam 2 pagi.",negatif,,negatif,,,,2,0,2,0,0
"Tempat yang sekarang lebih lebar, jadi bisa menampung pembeli lebih banyak, dan mengurangi antrian yang mengular",,,,positif,,,0,0,0,1,0
GONG BANGET GACOAN JEMBER INI SEMENTARA MEMEGANG KASTA GACOAN TERBAIK SEJAUH INIIIII BESTT BBGT DI ANTARA GACOAN YANGG LAINNNN KEK TEMPAT  BAGUS MAKANAN ENAKKK PELAYANAN OKEEEEEEEEEE,positif,,positif,positif,,,1,0,1,1,0
"Kualitas makanan baik, rasa enak, variasi menu beragam dan cukup banyak, pelayanan cepat, tempatnya luas, harga terjangkau.",positif,positif,positif,positif,,,1,1,1,1,0
"udh sring bgt ke gacoan yg lama, tp ini first time ke gacoan yg baru di jl pb Sudirman. tempatnya makin luas, trs waiters nya ramah bgt, sopan santun + gercepp bantu. mulai dari di gacoan yg lama smpe pindah tempat ini baru smpet tnya namanya, namanya kak teguh",,,positif,positif,,,0,0,1,1,0
"the Bess bangett, pelayanannya ramah baik cepat bngtt, sukakkk dehh",,,positif,,,,0,0,1,0,0
"Baru pertama ke GACOAN Jember
rame sekalii
Untuk rasa semua gacoan sama ya â€¦",netral,,,,,rame sekali ?,3,0,0,0,0
"tempatnya luas sekali, pelayanannya ramah, makanannya worth it bangett cocok buat pelajar/mahasiswa dll, cocok buat acara reservasi",positif,,positif,positif,,,1,0,1,1,0
"Tempatnya nyaman dan pelayanan the best, kualitas okee",positif,,positif,positif,,,1,0,1,1,0
"Please langganan bgt terkait rasa juara poll
tempate luas, antrian panjang sepertinya karena baru pindah kek orang orang pada antusias nyoba resto baruuuuuðŸ«‚ðŸ«‚ðŸ«‚ â€¦",positif,,netral,positif,,,1,0,3,1,0
"Pelayanannya ramah dan tempatnya bagus, pokoknya waw dehðŸ¥° â€¦",,,positif,positif,,,0,0,1,1,0
"suasana nyaa enakk, makannya jugaaa enakk, ga perlu raguu lagii buat kesinii",positif,,,positif,,,1,0,0,1,0
"Makin bagus, rada konsisten, pelayanan juga lebih bagus dari sebelumnya, tempatnya makin luas dan parkirannya untuk mobil juga sudah ada ðŸ˜ â€¦",,,positif,positif,,,0,0,1,1,0
"Mienya enak, pelayanan ramah dan cepat",positif,,positif,,,,1,0,1,0,0
"mie nya sangat enakk,rasanya gapernah berubah tetep enakkk,pedes nya nampoll,tempatnya juga nyaman bangetttðŸ’“ðŸ’“ðŸ«°ðŸ«° â€¦",positif,,,positif,,,1,0,0,1,0
"Salah satu tempat makan yang menjual jenis makanan mie pedas dan aneka dimsum yang enak. Suasana happy dan menyenangkan, lalu dilengkapi dengan area bermain untuk anak-anak. Area parkir luas dan nyaman. Pelayanan ramah dan ada musholla ",positif,,positif,positif,,,1,0,1,1,0
favorit banget tempatnya bersih pelayanannya pada murah senyum semua.tadinya bingung gmna sistemnya tapi mas2 nya ngejelasinnya sabar banget gak pernah ngecewain dah.karyawan an Ragil,,,positif,positif,,,0,0,1,1,0
Pelayanannya satset bangettttttt dan untuk tempatnya jugaaa luas bersih enak deh pokoknyaa,,,positif,positif,,,0,0,1,1,0
"Tempatnya semakin luas, nyaman, kebersihan dijaga.",,,,positif,,,0,0,0,1,0
Pelayanan nya ramah,,,positif,,,,0,0,1,0,0
"tempatnya semakin nyaman, pelayanan ramah banget",,,positif,positif,,,0,0,1,1,0
"semalam saya pesan via ojol, pesanan tidak sesuai dengan struk pembelian, saya sudah sering alami hal ini, karyawan gacoan tidak teliti, tolong setiap pesanan di cek lagi sebelum di kirim via ojol. Karyawan bagian Quality Control harus â€¦",,,negatif,,,,0,0,2,0,0
"Tempatnya nyaman,  parkir luas, makanannya enakkk
Pelayanan juga ramah",positif,,positif,positif,,,1,0,1,1,0
"nyaman deh, sistem ny udah self servis jadi ga prlu nunggu oranglain, ga kebingungan jgaaa, gatau langsung diarahkan sama karyawannya",,,positif,,,,0,0,1,0,0
"mie nya selalu enak, dan pelayanan sekarang juga sudah makin canggih dan cepat",positif,,positif,,,,1,0,1,0,0
bumbu mienya menurutku makin enak yang sekarang + hoki banget hari ini gak nunggu atay antri begitu lama. pelayanan bintang lima sama waiternya cakep-cakep dan bersih. penyajian juga bersih jadi enak dan betah,positif,,positif,,,,1,0,1,0,0
"Makanan enak, Antri ga terlalu ramai, Parkiran juga luass",positif,,positif,positif,,,1,0,1,1,0
Pelayanan bagus banget dan makanan nya enak banget,positif,,positif,,,,1,0,1,0,0
"Pelayanan bagus, tempat bersih, dan makanan enak",positif,,positif,positif,,,1,0,1,1,0
"Makanan nya enak dan lezat poll, tempat nya nyaman dan luas",positif,,,positif,,,1,0,0,1,0
tempat dan pelayanan nyaman banget. makin luas makin enak,,,positif,positif,,,0,0,1,1,0
Wah mantap rasanya mantap .. pelayanan nya juga bagus .  Sukses terus untuk mie gacoan â¤ï¸â¤ï¸â¤ï¸ðŸ¤ðŸ¼ â€¦,positif,,positif,,,,1,0,1,0,0
"tempat luas, pelayanan cepat banget, petugasnya ramah2",,,positif,positif,,,0,0,1,1,0
Bersih tempat nyaman parkir aman nyaman baik R2/R4,,,,positif,,,0,0,0,1,0
"sukaaa bgt pelayanan nya , kukira lama , ternyata cepet bgt antri nya",,,positif,,,,0,0,1,0,0
"pelayanannya ramahhh bangett, sukaa bangettt. apalagi yang namanya kak teguhhh, thee besttt. makanannya enakk udangnya pun gaa berubahh. suasananya ademmm jgaa, jangan lupaa dehhh mampirrr dan cobainn sendiriii hihihi..",positif,,positif,positif,,,1,0,1,1,0
Tempatnya makin luas makananya juga enak cepet jugaa suka bngett makin love gacoan,positif,,,positif,,,1,0,0,1,0
"Tempat dan pelayanan bagus , lebih efisien pelayanannya",,,positif,positif,,,0,0,1,1,0
"KLO soal makanan sma minuman sih oke semua , cuma yg aneh parkiran , hilangkan kertas biasa gaada nominal tetep 2000 malah skrng sampai 6000 , malah tukang parkirnya sok sok an , males ribet sma Tukang parkir tak langsung bayar",positif,negatif,negatif,,,,1,2,2,0,0
"Pelayanan lebih cepat dan efisien, bayar qris ga perlu ke kasir",,,positif,,,,0,0,1,0,0
Tempatnya semakin luas pelayanannya oke bangetâ¤,,,positif,positif,,,0,0,1,1,0
Tempatnya bagus bngt. Karyawannya ramah2,,,positif,positif,,,0,0,1,1,0
"makanannya enak, pelayanannya bagus dan ramah mba' nya, terimakasih gacoan, lovyu banyak'",positif,,positif,,,,1,0,1,0,0
"Mie nya enak
Pengantaran cepet ga antri. Banyak",positif,,positif,,,,1,0,1,0,0
Pelayanan bagus kak makasih,,,positif,,,,0,0,1,0,0
"pelayanan oke aku kasi jempol, tapi sayang di pangsitnya ada rambut",negatif,,positif,,,,2,0,1,0,0
"Pelayanannya bagus banget, ramahÂ² bangett suka SM gacoan yang sekarang",,,positif,,,,0,0,1,0,0
enak dan terjangkau,positif,positif,,,,,1,1,0,0,0
enakk wort it dengan harga pelajarrr wajib repeat,positif,positif,,,,,1,1,0,0,0
"Sumpah lama bnget, nunggu lama, mienya tambah kecil, tdk recomended.",negatif,,negatif,,,,2,0,2,0,0
"Pindah ke sini malah makin lama pelayanan, pesen udah 30 menit makanan belum dateng. Meja yg dateng belakangan malah didahuluin.
Pesenan udah pake nomer meja, tapi masih perlu nunjukkin struk pembayaran.",,,negatif,,,,0,0,2,0,0
makanan enakk pelayanan baikkk mantappp dehhh,positif,,positif,,,,1,0,1,0,0
"tempat lebih luas bagus dan nyaman, makanan tetep sama masih jadi favorit enak bangeeetttt",positif,,,positif,,,1,0,0,1,0
"Udah langganan dari mulai yang di jl. Sumatra, nggak pernah bosen makan disini sekarang lebih luas tempatnya dan rasanya tetap konsisten selalu enak the best pokok nya buat gacoan",positif,,,positif,,,1,0,0,1,0
"Lokasi Keren lah  bisa ngimbangi kota besar..
mgkin kcpatan playanan lbh ditingkatin..",,,negatif,positif,,,0,0,2,1,0
"Tempat nya bersih, pelayanan nya baik dan cepat dan ramah, makanan nya enak, recomended !!",positif,,positif,positif,,,1,0,1,1,0
"pelayanan yang sangat baik dan cepat, karyawan ramah",,,positif,,,,0,0,1,0,0
"Lebih luas dan nyaman untuk menikmati hidangan, langganan gacoan buat nambah mood, udang keju, green tai tea dan teh tarik ðŸ”¥
Tapi udah gak keliatan bapak parkir yang biasanya bisa diajak gurau. â€¦",netral,,,positif,,,3,0,0,1,0
"Sistem layanan oke,jenis minuman bervariasi dan enak enak",positif,,positif,,,,1,0,1,0,0
"Tempatnya sekarang makin luas dan rasa mie tetep ga pernah berubah ðŸ˜ðŸ˜ðŸ˜ðŸ˜,
",netral,,,positif,,,3,0,0,1,0
"makanannya enak"" apalagi perdimsuman nya, tempatnya juga aesthetic",positif,,,positif,,,1,0,0,1,0
"Pegawainya Baik, ramah. Rasanya juga enak. jangan lupa mampir guysss",positif,,positif,,,,1,0,1,0,0
"Batal makan gara"" rame tetep dikenakan parkir alasannya udh dpt karcis. Kita gatau rame/ngganya karna masuk dpt karcis trus parkir trus masuk br tau. Enakan dulu, kalau rame ngga jadi makan tinggal ngomong pak parkirnya dan ga bayar.",,,negatif,,,,0,0,2,0,0
"Luas tempatnya, parkir juga nyaman, sayangnya kalo bayar tunai harus bolak balik dari ambil antrian teru ke meja scan menu, pesen terus balik ke kasir buat bayar tunai. â€¦",,,negatif,positif,,,0,0,2,1,0
"problem Take Away :
-on duty manajer selina, seperti tidak bisa mengarahkan kegaduhan customer. jawabannya hanya 'seperti itu kak prosedurnya' gabisa kasi opsi lain. ditanya â€¦",,,negatif,,,,0,0,2,0,0
"tempatnya lebih luas, praktis, pelayanannya mantap",,,positif,positif,,,0,0,1,1,0
sumpah ada miee yaang se enak iniii udang kejunyaaa surgaaaaa sihh kek omaygattt suka banget apalagi tempatnya luas pas dateng masi sepi si pelayananyaaa ramah semuaaaaaaaa sukaaa besttttt bbgtt luvvvðŸ¤©â¤ï¸â€ðŸ”¥â¤ï¸â¤ï¸â¤ï¸â¤ï¸â¤ï¸â¤ï¸â¤ï¸â¤ï¸â¤ï¸â¤ï¸â¤ï¸â¤ï¸ â€¦,positif,,positif,positif,,,1,0,1,1,0
"Baru pertama kali makan dine in. Biasanya go food. Untuknya makanannya oke, tapi untuk minumannya saya pesan es jeruk, kirain jeruk beneran. Ternyata jeruk-jerukan ðŸ˜…. ",netral,,,,,,3,0,0,0,0
Nyaman sihhh cuma agak lama dikit di minumannya hehehehe,,,negatif,positif,,,0,0,2,1,0
"Gacoan loveeeeeeeeâ¤â¤â¤â¤â¤ðŸ‘ŒðŸ‘ŒðŸ‘ŒðŸ‘Œ
Rasanya best
Palayanan best bngt â€¦",positif,,positif,,,,1,0,1,0,0
"Enak sih gacoan disini, rasanya, pelayanannya, semuanyaa pokoonya daripada sebelum pindah itu. Aku garis bawahi 'pelayanan' nya, karena disini lebih tertata, pesen lewat barcode, jadi kalo mau bayar bisa tunai or nontunai, tinggal nunggu pesenan diantar/ngambil. Gausah antriÂ² kayak duluuðŸ˜­ â€¦",positif,,positif,,,,1,0,1,0,0
"Makanan sih aman, cuma mohon untuk kamar mandinya lebih di perhatikan lagi, airnya juga matiðŸ˜­ðŸ˜­ â€¦",netral,,,negatif,,,3,0,0,2,0
pelayanannya ramah makanannya enakk,positif,,positif,,,,1,0,1,0,0
"Bagus,nyaman adem puass bgt pelayanannya",,,positif,positif,,,0,0,1,1,0
"Skedar saran aja sih klk smisal tempat duduk/meja makan buat customer kurang banyak dan coba banyakin aja pasti makin rame, soalnya klk makanan ok sih tp minus tempat aja â€¦",,,,negatif,,,0,0,0,2,0
"makanan sangat enak dan penyajiannya cepat,selain itu tempatnya juga bersih",positif,,positif,positif,,,1,0,1,1,0
aga panas tempat saya duduk kurang kena kipas hehehe,,,,negatif,,,0,0,0,2,0
Tempat lumayan luas,,,,positif,,,0,0,0,1,0
"Best sih, pokoknya apapun kondisinya gacoan solusinya wkwk",,,,,,,0,0,0,0,0
Pelayananannya ramah cepat santap untuk makananðŸ¥° â€¦,,,positif,,,,0,0,1,0,0
Ini kesekian kalinya sih ke gacoan jember pelayanan selalu menyenangkan sumringah jadi kitanya happyyy mau makan dan 1 lagi cepatttttt bngt meskipun rame,,,positif,,,,0,0,1,0,0
"sangat sangat enak,pedesnya masih bisa di terima di lidah",positif,,,,,,1,0,0,0,0
Kakak kasirnya cantik. Bulu matanya anti baday dan petire,,,,,positif,,0,0,0,0,1
Salah satu warung kedai resto mie di kota Jember dengan cita rasa yang enak dengan fasilitas lahan parkir yang luas dan toilet. Tempat makan yang nyaman berlokasi di jalan PB Sudirman pertigaan ke arah jalan Wijaya Kusuma.. tepatnya di depan apotek Bima 3. recommended ðŸ‘ â€¦,positif,,,positif,,,1,0,0,1,0
"Mic nya diganti,,, Masa Pemberitahuan ke costomer Ngga Jelas Gitu,,, Sekelas Gacoan Ganti Mic Pemberitahuan Aja Ngga Kuat,, Payah,,",,,,negatif,,,0,0,0,2,0
"Pelayanan bagus, cepat dan semakin luas tempatnyaa, rasanya jugaa ga berubahh, bestt ðŸ”¥ðŸ¤ðŸ» â€¦",positif,,positif,positif,,,1,0,1,1,0
"rasanya tidak konsisten, mie terkadang basah terkadang kering.
porsi terkadang banyak, terkadang sedikit.
dan usahakan minuman di antar dahulu, meski tidak bersamaan dengan makanannya.",negatif,,negatif,,,,2,0,2,0,0
Bestttt bngttttttt gacoann bestt lovee u gaconnnnâ¤â¤â¤â¤ðŸ’“ðŸ’“ðŸ’“ðŸ’“ðŸ’“ðŸ’“ â€¦,,,,,positif,,0,0,0,0,1
Lumayan agak sepi jam segini jadi ga antri lama lamaðŸ¤£ â€¦,,,positif,,,,0,0,1,0,0
"Suka pol
Mie pedes paling enak",positif,,,,,,1,0,0,0,0
Tempat sangat nyaman dan pelayanan sangat ramahhh,,,positif,positif,,,0,0,1,1,0
"2x pesan shopeefood, estimasi tertulis 1.5 jam sampai, dan dua duanya di cancel mendekati 1.5 jam. Kalau memang mau cancel mending cancel saja dari awal, jangan customer sudah nunggu 1.5 jam baru di cancel. Mengecewakan sekali dicancel saat â€¦",,,negatif,,,,0,0,2,0,0
Mienya lezatt untuk rasanya menurut saya masih enak yang gacoan dulu. Untuk pelayanannya lumayan lama mungkin karena rame yaa tapi masih menduduki mie terbestt dijember menurut akuuðŸ¤© â€¦,netral,,negatif,,,,3,0,2,0,0
"Pelayanan sangat ramah sekali, makanan selalu di hangat ga pernah dingin dan suasana nyaman polll. Hampir tiap hari makan disini soalnya.. Mantulll bgttttt ðŸ‘ â€¦",positif,,positif,,,,1,0,1,0,0
pelayanannya sangat cepat makanannya juga masih hangat sangat tidak mengecewakan,positif,,positif,,,,1,0,1,0,0
makanannya enak bgt sih wajib kesiniðŸ”¥ðŸ”¥ â€¦,positif,,,,,,1,0,0,0,0
"tempatnya skarang lebih luas,dan tidak perlu antri ke kasir jika ingin memesan. juga harga yang terjangkau cocok untuk semua kalangan",,positif,positif,positif,,,0,1,1,1,0
Pelayanan ramah. Suasana enak. Lebih luas. Tempat duduk lebih banyak. Pemesanan juga lebih praktis dengan ada nya scan barcode. Jd gk perlu nunggu berdiri terlalu lama.,,,positif,positif,,,0,0,1,1,0
"Pelayanan nya satset,emang langganan dari duluðŸ˜loppp bgt gacoann â€¦",,,positif,,,,0,0,1,0,0
"Bagus banget tempatnya sekarang sangat nyaman, pelayanan juga oke",,,positif,positif,,,0,0,1,1,0
"Rame ya tempatnyaa
Definisi Tamban rameee soalnya tempatnya luas banget",,,,positif,,,0,0,0,1,0
"Makanan gak perlu gw ulas lagi karena emang udah enak, dgn kombo mi gacoan lvl 4 + udang kejunya.
Interiornya jadi lebih estetik & lebih luas gak bikin sumpek. â€¦",positif,,,positif,,,1,0,0,1,0
"pelayanannya baguss sii, intinya ga pernah bosen makan disiniii",,,positif,,positif,,0,0,1,0,1
Tempatnya nyaman bersih dan luas.    Pelayanannya sangat baik dan ramah,,,positif,positif,,,0,0,1,1,0
"baru kemaren dari sini, makan gacoan level 2 berasa level diatasnya. mienya kurang kecap jadi kerasa bgt pedesnya kalo bisa ditambahin dong, gak kek waktu di sumatra",negatif,,,,,,2,0,0,0,0
"Rasanya konsisten tetep enak, pelayanan juga cepet",positif,,positif,,,,1,0,1,0,0
Tempatnya lebih luas dan lebih nyaman parkiran luas dan sekarang pake barcode jadi lebih enak untuk dine in ðŸ’—ðŸ’—ðŸ’— â€¦,,,,positif,,,0,0,0,1,0
"Ntah knp gacoan biasanya mie nya enak pas di lidah, tp hari ini 20 juni 2025 mienya kenyal banget gk kayak biasanya terus bumbunya kayak beda aja gitu",negatif,,,,,,2,0,0,0,0
Mantab semakin luas aja ni tempat. betah juga di sini,,,,positif,,,0,0,0,1,0
"Rasa makanannya konsisten enak, pelayannya baik dan ramah. Topp deh pokonyaðŸ¤™ â€¦",positif,,positif,,,,1,0,1,0,0
"makanann terlopp lop, dekatt darii sekolaa, menyalaaa gacoan kuhhðŸ˜‹ðŸ˜‹ðŸ˜‹ðŸ˜‹ðŸ˜‹ðŸ˜‹ðŸ”¥ðŸ”¥ðŸ”¥ðŸ”¥ â€¦",positif,,,positif,,,1,0,0,1,0
"Untuk makananya gausah di rating udh pasti enak rate bintang 5
Untuk Tempatnya bagus aesthetic dan luas tapi untuk pelayananya mohon ditingkatkan biar yang mau menikmati hidangan nya ngga nunggu terlalu lamaðŸ˜ðŸ˜ðŸ™ðŸ» â€¦",positif,,negatif,positif,,,1,0,2,1,0
Yg kurang dst oknum tukang parkir mobil (orgnya agak kurus)....nariknyaa g sesuai dengan tarif parkirnya ..tolong yaa di tegur,,negatif,negatif,,,,0,2,2,0,0
"tempatnya oke bgt sekarang, untuk rasa gausa diraguin lagi",positif,,,positif,,,1,0,0,1,0
"Enak gaes, rekomend kalau ke jember",,,,,positif,,0,0,0,0,1
"Pelayanan tambah lama & ribet dan rasa berubah,harus download aplikasi sebetulny jual makanan/aplikasi dan tidak boleh merokok padahal outdoor bukan ruangan ber ac",negatif,,negatif,negatif,,,2,0,2,2,0
"Pelayanan bagus smua, yg kurang cuma pas nyiapin makanan lama poll meskipun sudah pindah tmpat tetep lama wkwkw, klau mau makan gacoan hrus sabarr, pling cpet dteng makanannya 1jamman. Trus juga tmpat duduk maksimal cuma 4 orang huhu syang â€¦",,,negatif,negatif,,,0,0,2,2,0
Pelanyanannya memuaskan tempat nya enak,,,positif,positif,,,0,0,1,1,0
"pelayanan ramah, enak, cepat dan murah",,positif,positif,,,,0,1,1,0,0
"nunggu hampir sejam, diduluin sama pelanggan lain yang dateng setelah kita, kayaknya cuma di cek meja mana yang udah ada pesenannya atau belum ya sistemnya, karna meja kita tergolong di tengah meanwhile pelayannya cuma ngeliatin dari pinggir mana yang belum dapet mie nya",,,negatif,,,,0,0,2,0,0
"pelayanan baik, pesanan dateng lebih cepat dibanding tempat sebelumnya, oke bingitzzzzz â€¦",,,positif,,,,0,0,1,0,0
Favoritnya banget dah jadi tempat andalan dikala tanggal tua gk takut  dompet kering karna worith bgt harganya ramah dikantong. Tempatnya bersih dan nyaman rasanya juga enak banget konsisten gk pernah berubah. Pelayanannya super Baaik dan ramah. Semangatt buat karyawan nya,positif,positif,positif,positif,,,1,1,1,1,0
"pelayanannya sangat ramah,makanannya enak bngt the best",positif,,positif,,,,1,0,1,0,0
"Suasana baru dan tempatnya lebih strategis daripada lokasi sebelumnya, untuk rasa makanan dan pelayanan masih sama, oke",netral,,netral,positif,,,3,0,3,1,0
Udang kejunx uenakk pooolll....,positif,,,,,,1,0,0,0,0
"Maaf ini chef, masakan anda kurang enak chef, gak kayak mie gacoan pada umumnya, gak kayak rasa mie gacoan ditempat lain, kalau tidak berbenah customer bisa pergi semua lo chef, ini jujur. Terimakasih",negatif,,,,,,2,0,0,0,0
"Pertama kali dateng ksini,makanannya enak, harga worth it ,dan banyak variannya.
Sukses dn tambah rame ya mie gacoan..",positif,positif,,,,,1,1,0,0,0
"Cocok budget mahasiswa dan remaja remaja ðŸ˜ nyaman juga tempatnya, worth buat ngobrol ngorbol santaii sama temenðŸ˜‹â˜ðŸ» â€¦",,positif,,positif,,,0,1,0,1,0
"Pelayanannya ramah,tempatnya sangat luas makanannya enak",positif,,positif,positif,,,1,0,1,1,0
"pelayanan nya cepat, tmpt nya lebih bersih,lebih besar  dan lebih nyaman",,,positif,positif,,,0,0,1,1,0
"Pelayanan lumanyan cepat.

Rasa mienya sama dengan cabang lain. â€¦",netral,,positif,,,,3,0,1,0,0
"Tempat barunya baguss luass, tapi sedikit panass tapi ndapapa,ndak lama antre kaya ditempat sebelum nya tetap pertahankan dan tingkat kan sajaa sukses selalu",,,positif,netral,,,0,0,1,3,0
"servicee nyaa cepett, makanannya jg cepett worth it dahh",,,positif,,,,0,0,1,0,0
"suka pelayan dan makanannya sangat terjangkau, kak teguh baikðŸ¥° â€¦",,positif,positif,,,,0,1,1,0,0
"Makanannya enak, pelayanan ramah pokoknya thebest",positif,,positif,,,,1,0,1,0,0
"mantap, tp saran aja ditambah meja besar biar yang mau makan beramai-ramai ngga kepisah jd ga seru xixi",,,,negatif,,,0,0,0,2,0
Semua layanan baik dan sopan dan makanannya enak dan bikin nagih next time mampir lagi,positif,,positif,,,,1,0,1,0,0
Sumpah tempat seluas ini pelayanan lama pol kayak gak siap buka. Minimal kalo kerja di food & beverage bisa meminimalisir dong kan ini berhubungan dengan kebutuhan makanan (lapar). Tolong diperbaiki ya Manajar,,,negatif,positif,,,0,0,2,1,0
"enakkk bgttt langganan mie gacoannn sma temen temennn, tempat luas dan bersih bikin nyamann",positif,,,positif,,,1,0,0,1,0
Bagus pelayanannya cepat banget,,,positif,,,,0,0,1,0,0
"Kamis 1 mei 2025 pukul 18.00...
Pelayanan cepat.. responsif..
Ada kesalahan pesanan langsung diganti baru.. sangat bagus pelayanannya... Mantap..",,,positif,,,,0,0,1,0,0
"bayangin makanan minuman udh enak, tp soundnya terlalu kenceng, tutorial budeg in kuping silakan kesini. another side, coba senyum waktu melayani customer ya. kalo capek ya namanya kerja masa ga capek wkwkwkwkwk.",positif,,negatif,negatif,,,1,0,2,2,0
"Parkirannn luasss gaperlu lagi sempit""an buat parkirâ™¥ï¸",,,,positif,,,0,0,0,1,0
"Tempatnya enak..lebih luas dari sebelumnya, gk perlu antri panjang tinggal scan barcode aja",,,,positif,,,0,0,0,1,0
"Tempat bersih, pelayanannya cepat",,,positif,positif,,,0,0,1,1,0
"Pelayanannya gercep bngtt mantapp poll, suasananya nyaman",,,positif,positif,,,0,0,1,1,0
mantap pelayan nya cakep cakep,,,positif,,,,0,0,1,0,0
Saya pikir pindah tempat bakalan tambah enak ternyata ribet seharusnya ada penjelasan kalo pesen lewat scan barkot soale bru prtama kesana ke tempat yg baru terus gk tau kalo pakek scan alhasil dari jam 2 smpek habis magrib baru bisa makan â€¦,,,negatif,negatif,,,0,0,2,2,0
Pelayanannya sat set cepat sekali,,,positif,,,,0,0,1,0,0
Alhamdulillah. Ternyata makan di gacoan PB Sudirman GPL gapake lama ...... Puas .mbak nya juga ramah looh,,,positif,,,,0,0,1,0,0
"pelayanannya lama! 10 antrean setelah saya langsung diantar pesanannya, sedangkan saya 1,5 jam baru diantar dan itupun harus konfirmasi sampai 2x dan konfirmasi ke 2 itupun sambil ditunggu! tolong diperbaiki pelayanannya!",,,negatif,,,,0,0,2,0,0
"tempat yang sekarang lebih luas apalagi parkirannya, sudah tidak desak-desakan seperti sebelumnya. antriannya juga tidak mengular dan pelayanan lebih cepat",,,positif,positif,,,0,0,1,1,0
"Varian mi gacoan sekarang berubah rasa manisnya tidak terasa asinnya lebih kuat n warna pucat tdk menarik, apa ganti merk kecap ya?",negatif,,,,,,2,0,0,0,0
Semakin luas dan meja untuk dua orangnya juga semakin banyak.,,,,positif,,,0,0,0,1,0
Tempatnya enak luas,,,,positif,,,0,0,0,1,0
pelayanan nya sangat ramah sekali,,,positif,,,,0,0,1,0,0
"Makanan nya enak, layanan bagus dan ramah, suasananya rame",positif,,positif,positif,,,1,0,1,1,0
"pelayanannya sangat baik,harga sesuai kantong,tempat nya nyaman dan bagussssðŸ¤— â€¦",,positif,positif,positif,,,0,1,1,1,0
"Tempat nya enak, sih, luas. Jadi, walaupun rame suasananya tetap nggak kerasa pengap nya",,,,positif,,,0,0,0,1,0
"Gacoan jember harus berbenah saya suka dengan mie nya tapi tidak dengan pelayananya, kapan pelayananya bisa cepat kayak wizzmie harusnya tempat yang baru dan lebih luas pelayanan nya bisa lebih cepat bukan lebih lama dari toko yg sebelumnya â€¦",positif,,negatif,negatif,,,1,0,2,2,0
"2 kali pesen di ojol, pesanan di tolak oleh pihak gacoan. Pdhl udh nunggu di proses sekitar 45 menit, malah di tolak. Gmn sih?!",,,negatif,,,,0,0,2,0,0
"pelayanannya ramah dan dan lebih cepat dari sebelumnya, sistem barcode sangat membantu tempatnya bersih dan luas bikin tambah nyaman.",,,positif,positif,,,0,0,1,1,0
"REK REK REK REKKK  JEMBERANNNNNNNNNN WAJIBB KE SINI
MURAHHHHH IYAA
ENAK IYAAAA â€¦",,positif,,,,,0,1,0,0,0
yg kasih rating 5 pegawainya sendiri ya ? emg boleh se buzzer itu ? padahal mie basi dan pelayanan lemot. banyak loh driver shopeefood sama grabfood yg marah2 di outlet wkwkwkwkwkwk,negatif,,negatif,,,,2,0,2,0,0
"Keren!
Darisegi tempat,pelayanan,semuanya ramah..intinya topoðŸ«¡â¤ï¸ â€¦",,,positif,positif,,,0,0,1,1,0
"layanannya cepat, tempatnya juga bersih sama ada photoboxnya kerenn sii",,,positif,positif,,,0,0,1,1,0
Tempat lebih fresh dan enak buat dine in,,,,positif,,,0,0,0,1,0
yang gasuka gacoan majuuuuuuuuuu siniiiii gacoannn bestttttttttttttttt banget banget bangetttt,,,,,positif,,0,0,0,0,1
SUMPAH SUMPAH SUMPAH GACOAN INI DAR DER DORBANGETTT SIH TEMPATNYA HARGANYA PELAYANANNYA SEMUANYAAAAAAAA KEKKK KOKKK BISAAAA SI MIE SEENAK INIII UDANG KEJU SELUMER INI SUKAAAAAAAAAAA BANGETTTTTTTTTTTTTT LUVVVVVV,positif,positif,positif,positif,,,1,1,1,1,0
"gapernah kecewa kalo soal gacoan, apalagi gacoan yang di PB Sudirman Jember baahhh manteepp pwoll. trus pelayanan nya juga cepet dan mas mba nya juga ramah. bintang 5 pokoknyaa",,,positif,positif,,,0,0,1,1,0
"Meski gak kenal ke foundernya gacoan, saya acungi jempol karena bisa bikin mie pedas dengan omset triliunan ðŸ‘Š â€¦",positif,,,,,,1,0,0,0,0
Pelayanan super lemot. Beda dg gacoan di kota2 lain meskipun rame tapi gak selama di sini nunggunya. Terparah nunggu 1 jam lebih belum datang2 pesanannya,,,negatif,,,,0,0,2,0,0
"Yang saya beri bintang 1 pelayanane lamoseeeee sekali
Datang jam 10 pulang jam 2 â€¦",,,negatif,,,,0,0,2,0,0
"First time nyobain kesini ..
Mie nya enak..
Selalu rame. â€¦",positif,,,netral,,,1,0,0,3,0
"untuk pelayanan sangat ramah baik juga selalu tersenyum
tempat nya bagus dan nyaman  dan karyawan nya   ramah cantik"" dan ganteng"" , pelayanan sangat baguss",,,positif,positif,,,0,0,1,1,0
"gacoan versi jumbo sih katakuu parkiran luas, area dalam luas+ bersih juga antrian ga kayak semut dan lebih bisa napas dengan legaa",netral,,positif,positif,,,3,0,1,1,0
"Rekomendasi kesini malem sih , lumayan sepi",,,,,positif,,0,0,0,0,1
Pindah tempat yg lebih luas lagiiiiiii mantappp ðŸ˜ â€¦,,,,positif,,,0,0,0,1,0
Pelayanan bagus makanannya enak banget approved,positif,,positif,,,,1,0,1,0,0
"huhuuuu enak bngttt mienya, konsisten gak pernah berubah, pelayanannya ramah bangett",positif,,positif,,,,1,0,1,0,0
pelayanan sangat cepat karyawan sangat ramah,,,positif,,,,0,0,1,0,0
Makanan mie gacoan sangat enak sekali,positif,,,,,,1,0,0,0,0
"Gacoan, tolong cek aplikasi driver yang dapet orderan. Jangan sampai kejadian kaya dulu keulang lagi, cuma modal ss an bisa ambil order",,,negatif,,,,0,0,2,0,0
"Buat karayawan yg nama nina yg biasanya didepan, semangat kerjanya. Meski kurus cakep km mbak ðŸ˜ðŸ˜ â€¦",,,,,positif,,0,0,0,0,1
ramee tapi tetepp mantepp makanann nyaaa best bangett dehh ðŸ˜»ðŸ˜»ðŸ˜» â€¦,positif,,,,,,1,0,0,0,0
"dari pesen nunggu sejam tibaâ€ di batalin. kmren beli langsung, udah efforts antri lama, KALAH SAMA YG PUNYA KENALAN DI GACOAN, DI PESENIN LEWAT PEGAWAINYA. kasian yg antri lama sii",,,negatif,,,,0,0,2,0,0
"Bagus bersih pelayanan nya bagus, cuman agak keganggu sama pengunjung yg lagi ngrokok",,,positif,negatif,,,0,0,1,2,0
"nyaman, tapi tatakan ny bagian bawah berminyak, klo bisa setiap di selsai bisa di bersihkan minyaknya",,,,negatif,,,0,0,0,2,0
"Sangat istimewa, disini sangat teratur tempatnya dari pada yg sebelumnya dan lebih banyak plusnya wess",,,,positif,,,0,0,0,1,0
Pelayanan semakin terarah teratur dan bersih,,,positif,positif,,,0,0,1,1,0
Mienya tambah enak dan pedesnya sesuai yg dipesen gak kecewa pokok beli disisni,positif,,,,,,1,0,0,0,0
Pelayanan bagus cepet meskipun sangat rame,,,positif,,,,0,0,1,0,0
"Mie nya enak gak enek, pedesnya nampol dan saya suka bgt sama udang kejunya",positif,,,,,,1,0,0,0,0
"Tempat Luas Memadai gak Makin Fast Moving pelayanan malah makin kesini.Makin kesana.... Coba Cek Kota2 Lain apa selama di Jember. online Menunggu sampee 1,5 Jam Dine in sd 2 jam ini Mau makan.... apa mau bercanda????",,,negatif,positif,,,0,0,2,1,0
"Pelayanan ramah baik hati, kualitas oke the best pokoknya",positif,,positif,,,,1,0,1,0,0
"Rekomen banget, buat yang mau ajak keluarga juga boleh
Kakak kakak yang ngelayani juga ramah ramah, semoga terus jaya gacoan",,,positif,positif,,,0,0,1,1,0
"makannya enak,rasanya konsisten dan pelayanan sangat ramah",positif,,positif,,,,1,0,1,0,0
Tempat nya luas dan bagus suasananya,,,,positif,,,0,0,0,1,0
"ubur - ubur ikan lele
ke gacoan Lee ðŸ‘… â€¦",,,,,netral,,0,0,0,0,3
"makanannya enak poll, kalian kudu cobain gess",positif,,,,,,1,0,0,0,0
Pelayanannya cukup ramah dan baik,,,positif,,,,0,0,1,0,0
enakkk pelayanan ramahhhhhðŸ˜ðŸ˜ðŸ˜ â€¦,,,positif,,,,0,0,1,0,0
tempat nya nyaman dan pelayanan di gacoan sangat ramah dan makan cepet dateng nya makanan dan minumann nya enak banget,positif,,positif,positif,,,1,0,1,1,0
"rasanya enakkk, tekstur mienya pas bangett, pokoknya rekomendasi. pelayanannya juga cepat",positif,,positif,,,,1,0,1,0,0
"Tempatnya nyaman, mie nya enak wort it banget untuk kaum pelajar.",positif,positif,,positif,,,1,1,0,1,0
"tempatnya nyaman, dan makanannya juga enak worth it deh pokonyaðŸ¤©ðŸ‘ðŸ»ðŸ‘ðŸ» â€¦",positif,,,positif,,,1,0,0,1,0
Pelayanannya cepat dan rasa makanannya tetap mulai dari dulu sampe sekarang,netral,,positif,,,,3,0,1,0,0
"Kualitas mie nya konsisten,pelayanan sangat ramah apalagi mba mba CS nyaaa,sukakkk bngttt loppp daaahh",positif,,positif,,,,1,0,1,0,0
"Kualitasnya gak pernah berubah,sangat konsisten. Apalagi pelayanannya the bessttt",positif,,positif,,,,1,0,1,0,0
pelayanannya sangat ramah sekalii suasananya jugak nyaman,,,positif,positif,,,0,0,1,1,0
"Lebih enak tempat yang baru, antri gak terlalu antri the best poul",,,,positif,,,0,0,0,1,0
recomen nih mie pedes nya ttep sama mau di kota mna jugaaaã€‚,positif,,,,,,1,0,0,0,0
"cocok banget makan gacoan hujan"" pelayanan sangat memuaskan ramah dan cepat",netral,,positif,,,,3,0,1,0,0
"Tempatnya bersih,pelayanannya cepat",,,positif,positif,,,0,0,1,1,0
"makanannya enak""",positif,,,,,,1,0,0,0,0
"pelayanannya sangat ramah, mie nya enakkk. Worth it to buy sihhðŸ’“ðŸ’“ðŸ’“ðŸ’“ðŸ’“ â€¦",positif,positif,positif,,,,1,1,1,0,0
"Enak banget, pelayanannya cepet",positif,,positif,,,,1,0,1,0,0
mie gacoan baru di jalan pb.sudirman ini rasanya gak berubah tetep ena dan pedesnya nampol. minus disini panas.,positif,,,negatif,,,1,0,0,2,0
GONG BNGTTT SII GACOAN JEMBER BESTTTT BANGET TER DEBESAS TER BADAS ADUHAI BANGWTTTT LUVVV CINTA BANGET SAMA GACOAN â¤ï¸ðŸ¥°â¤ï¸ðŸ¥°ðŸ˜˜ðŸ˜ðŸ¥³ðŸ¥³ðŸ¤©ðŸ˜ðŸ¥°ðŸ˜˜ðŸ˜šðŸ˜™ â€¦,,,,,positif,,0,0,0,0,1
"Enak banget, recomanded",,,,,positif,,0,0,0,0,1
"Lama tidak kesini, kapan hari kesini pelayanan oke
Staf nya ramah saat di mintai tolong
Sippp",,,positif,,,,0,0,1,0,0
"sukakkkk bangetttttt, makannya enak pelayanannya cepatt dan ramah poll",positif,,positif,,,,1,0,1,0,0
Pelayanan semakin cepat tanpa antrilama,,,positif,,,,0,0,1,0,0
"Selalu memuaskan,pelayanan baikðŸ˜ â€¦",,,positif,,,,0,0,1,0,0
"Pelayanan cepat, makanan enak, pelayan ramah, tempat sangat luas",positif,,positif,positif,,,1,0,1,1,0
"Harga murah, pelayanan cepat, bersih dan suasana nyaman
Selalu ramai yg menandakan, bahwa Me Gacoan sangat digemari",,positif,positif,positif,,,0,1,1,1,0
"Enak, luas, cepet cuma sayang nggak ada wifinya sedangkan pesennya pake barcode",,,netral,positif,,,0,0,3,1,0
"Makanannya lebih cepet sekarang, ga antri panjang panjang.. suka sma sistem yg baru.. sip ðŸ‘ â€¦",,,positif,,,,0,0,1,0,0
mie nya enkkkk polll,positif,,,,,,1,0,0,0,0
Rasanya enak worth it banget buat anak kost pelayanan nya juga ramah,positif,positif,positif,,,,1,1,1,0,0
"pelayanannya sangat baik, membantu orang yang kesusahan saat memesan",,,positif,,,,0,0,1,0,0
"Makanannya enakâ€, setiap hari selalu pengen kesini, mantapðŸ¤© â€¦",positif,,,,,,1,0,0,0,0
"Rasa mienya enggak pernah gagal pokoknya
Walau nunggunya agak lama tpi its okay i'm happy",netral,,negatif,,,,3,0,2,0,0
udang kejunya favvv bangetttðŸ˜­ðŸ«°ðŸ»ðŸ’• â€¦,positif,,,,,,1,0,0,0,0
pelayanan ramah da penyajian cepat,,,positif,,,,0,0,1,0,0
Tempatnya nyaman dan lebih luas,,,,positif,,,0,0,0,1,0
Tempatnya luas lebih nyaman buat makan d tempat rame rame.,,,,positif,,,0,0,0,1,0
"Pesanan mie nya lama banget, sangat tidak profesional dalam melayani customer",,,negatif,,,,0,0,2,0,0
"Tempatnya bersih, pelayanan oke banget, reccomendðŸ‘ðŸ¼ðŸ‘ðŸ¼ðŸ‘ðŸ¼ â€¦",,,positif,positif,,,0,0,1,1,0
"Makanan enak dan terjangkau, suasana nya hangat, dan sangat cocok untuk makan bersama, sukses selalu mie gacoan",positif,positif,,positif,,,1,1,0,1,0
"Pelayanan ramah, makanan juga tergolong murah dan affordable",,positif,positif,,,,0,1,1,0,0
makanannya enak dan memuaskan pelayanan nya okeei bngtt,positif,,positif,,,,1,0,1,0,0
"layanan sangat baik, tempat luas, dan mbak iklimatul sangat ramahh karena sudah membantu",,,positif,netral,,,0,0,1,3,0
"Pelayanan cepet, makanan juga cpet dateng mantapp deh pokoknyaa",,,positif,,,,0,0,1,0,0
tempatnya enak dan bersih pelayanannya juga cepat.,,,positif,positif,,,0,0,1,1,0
"Maaf ya pelayanannya lama ternyata Mbak"" nya malah sibuk live tiktok pas kerja kebetulan muncul di fyp sayaðŸ™ˆ â€¦",,,negatif,,,,0,0,2,0,0
"rasanya enak banget, bikin nagihhðŸ¤¤ðŸ¤¤ ga bosen klo ke gacoan jember â€¦",positif,,,,,,1,0,0,0,0
"Pelayanan ramah , tempat nyaman dan luas mantap",,,positif,positif,,,0,0,1,1,0
"mic nya selalu mati bikin nunggu lama, tolong diperbaiki atau ganti yang baru jgn pake speaker mungil ga kedengeran",,,,negatif,,,0,0,0,2,0
layanan nya ramahh bangttt apalagii kaa teguhh best bangtt dahhh,,,positif,,,,0,0,1,0,0
tempatnya makin bagus dan nyaman,,,,positif,,,0,0,0,1,0
Gacoan mah gausah di tanya kalo soal rasa ðŸ¤© pelayanan terbaik cepat dan selalu bersih ðŸ¤© â€¦,positif,,positif,positif,,,1,0,1,1,0
"Pelayanannya ramah baik dan murah senyum.
Mantapp",,,positif,,,,0,0,1,0,0
"sangatt enakkkk, jadi pengen setiap hari makan gacoan",positif,,,,,,1,0,0,0,0
mantap tempatnya luas makanannya enakk,positif,,,positif,,,1,0,0,1,0
"Tempatnya lebih luas, tingkat kematangan mienya juga pas all good ðŸ‘ â€¦",positif,,,positif,,,1,0,0,1,0
pelayanan cepatt harga terjangkauuu dan yang pasti enakkk bangett,positif,positif,positif,,,,1,1,1,0,0
"saya sudah menunggu hampir 2 jam makanan belum datang, jika kiranya ordernya sudah overload sebaiknya close order aja ðŸ˜¢ðŸ˜¢ â€¦",,,negatif,,,,0,0,2,0,0
"Pelayanan ramah dan pemesanan sekarang lebih efisien, tidak perlu antri lagi, mantap deh",,,positif,,,,0,0,1,0,0
suasanya lebih menarik dan nyaman,,,,positif,,,0,0,0,1,0
"24 jam,cari makanan waktu lapar gak susah,tinggal jalan kaki",,,positif,positif,,,0,0,1,1,0
Mantap enak banget,,,,,positif,,0,0,0,0,1
"kasih tulisan yg mau makan ditempat sama dibungkus, udah antri makan ditempat malah disuruh pindah antrian",,,negatif,,,,0,0,2,0,0
"mienya enak dan nagih, suasananya sejuk dan nyaman",positif,,,positif,,,1,0,0,1,0
"Sumpa luamaa poll , harus antri berkali kali demi makan mi dan harus nunggu 2jam baru mi datang..pelayanannya lama polllll",,,negatif,,,,0,0,2,0,0
pelayanan nya bagus dan tempatnya keluarga able bangetðŸ˜ â€¦,,,positif,positif,,,0,0,1,1,0
"Enak, bagus, murah, layanan ramah
Coba Adain diskon dan promo lebih banyak yaaa",,positif,positif,,,,0,1,1,0,0
"thee best sihhh, tempatna luas, pelayanan ramah bnget",,,positif,positif,,,0,0,1,1,0
tempat nya lebih luas yang sekrang,,,,positif,,,0,0,0,1,0
makanan ny enak dn pelayanan ny jugaa,positif,,positif,,,,1,0,1,0,0
"sangattt worth it sekaliiii dari tempat,makanan,dan pelayanan nya sangat ramah",positif,,positif,positif,,,1,0,1,1,0
Pelayanan cepat dan ramah,,,positif,,,,0,0,1,0,0
tempat nya bersih dan nyaman loh,,,,positif,,,0,0,0,1,0
Pesanan gak sesuai request. Seharusnya kalau ada note itu ya disesuaikan pesenannya,,,negatif,,,,0,0,2,0,0
"makanannya enak, tempatnya bersih",positif,,,positif,,,1,0,0,1,0
"Untuk saya pribadi, sering ke gacoan, karena untuk pelayanannya ramah ramah, dan untuk menu menu nya jamin nyaman dan murah",positif,positif,positif,,,,1,1,1,0,0
"Tempatnya lebih luas daripada secelumnya lebih nyaman pelayanannya, dan stafnya ramah",,,positif,positif,,,0,0,1,1,0
"Sangat sangat enak, pedasnya masih bisa di terima di lidah, pokok nya love deh",positif,,,,,,1,0,0,0,0
"karyawan sangat ramah cantik, dan sangat baik, pelayanan sangat bagus dan cepat",,,positif,,,,0,0,1,0,0
"Pelayanannya ramah banget, makanannya enak2, terus fasilitasnya ok bangetðŸ‘ðŸ‘ â€¦",positif,,positif,positif,,,1,0,1,1,0
"makanannya enak, pelayanannya ter-arah dan teratur. fasilitas lengkap, parkiran luas.",positif,,positif,positif,,,1,0,1,1,0
"gacoan sekarang ribet banget yaa, ga kaya dulu jadi males deh mau kegacoan lagi, karyawan di kasir juga becanda becanda lagi, ga stanby sampe bingung saya, masa ilang ilangan",,,negatif,,,,0,0,2,0,0
Menu enak dan pelayanan ramah,positif,,positif,,,,1,0,1,0,0
Pelayanannya sangat cepat tanggap terhadap pengunjung disabilitas. Pingin terus kesini lagiiiiii,,,positif,,,,0,0,1,0,0
"Layanannya cukup ramah,pesenan cepat di sajikannya",,,positif,,,,0,0,1,0,0
enakkk bangetttt,,,,,positif,,0,0,0,0,1
"Approve bgt sama rasa gacoan, yg mna makanan yg ga pernah bosan buat dijadikan makanan utama",positif,,,,,,1,0,0,0,0
pesennya g4 tapi realitanya g3 trus ada stempel sesua dg nota lagiiiiâ€¦emangnya ga si cek yaaa,,,negatif,,,,0,0,2,0,0
"Pelayanannya cepat dan ramah, tempatnya juga bersih dan nyaman.",,,positif,positif,,,0,0,1,1,0
"Mie enak, selalu bikin ketagihann ðŸ‘ â€¦",positif,,,,,,1,0,0,0,0
"Tempatnya nyaman dan luas,pelayannya sangat ramah",,,positif,positif,,,0,0,1,1,0
"tempatnya comfyyy enak buat nongki, pelayanan & rasanyaa juga okee bgtt",positif,,positif,positif,,,1,0,1,1,0
"Akhirnya tempat Dine in nya luass
Tapi ternyata masih rame jugaaa
Wajar kalau harus nunggu..",,,,positif,,,0,0,0,1,0
enak banget mie nya juga sekarang tidak perlu antri langsung disediakan tempat duduk,positif,,,positif,,,1,0,0,1,0
"KECE ABIEZ MIE NYA ENAK BGT, SUMPAH ANTRIAN BANYAK BANGETTTT TAPI TETEP KECE ABIZZZ BUT ITS OKEY KARENA LANGGANAN BANGETTT
KEK MENURUTKU WAJAR BANGET NUNGGUNYA LAMA KARENA ANTRIANNYA EMANG BUANYAKKK â€¦",positif,,netral,,,,1,0,3,0,0
Pelayanan cepet tapi kalau suasana ruangan lebih dingin lagi makin sip,,,positif,negatif,,,0,0,1,2,0
Tempat dan suasana nyaman karena sudah lebar tidak berdesak-desakan,,,,positif,,,0,0,0,1,0
Tempatnya luas dan nyaman,,,,positif,,,0,0,0,1,0
Enak bgt nagih rasanya,positif,,,,,,1,0,0,0,0
Cintaaa bangetgt samaaa gacoannn,,,,,positif,,0,0,0,0,1
"pelayanannya ramah, tempatnya nyaman dan bersihðŸ¤© â€¦",,,positif,positif,,,0,0,1,1,0
Tempat semakin luas dan menarik,,,,positif,,,0,0,0,1,0
"ga worth it bangettt anjayy... kelamaan,ga enjoy,kurang ramah,kurang grecep.
w dh nunggu 3 jam njirrr....",,,negatif,,,,0,0,2,0,0
pelayanan nya ramah banget apa lagi kak teguhh paling hebohh bangetttt,,,positif,,,,0,0,1,0,0
"The besttttt mantap bngttt,pelayanannya sangat ramahhh",,,positif,,,,0,0,1,0,0
"Pelayanannya memuaskan, makannya enakkk",positif,,positif,,,,1,0,1,0,0
"pelayanan ramah, cepat, mie nya enak, udang kejunya enak, ",positif,,positif,,,,1,0,1,0,0
"SUKA BANGET SAMA UJANG KEDUNYA, I LOV UJANG KEDUðŸ˜ðŸ«°ðŸ«°, BESTT BANGET SIH UDANG KEJUNYA, YANG BUAT UDANG KEJU LOV UðŸ¤©ðŸ˜»ðŸ«¶ â€¦",positif,,,,,,1,0,0,0,0
"makanan enak, tempat bersih dan nyaman, pelayanannya juga okðŸ¤ŒðŸ» â€¦",positif,,positif,positif,,,1,0,1,1,0
makanan nya enak pelayanan nya juga cepatðŸ•ºðŸ»ðŸ•ºðŸ»tidak sampai 30 menit â€¦,positif,,positif,,,,1,0,1,0,0
makanannya enak tempatnya nyaman,positif,,,positif,,,1,0,0,1,0
Pelayanan sangat ramah,,,positif,,,,0,0,1,0,0
Pelayanannya sangat cepat,,,positif,,,,0,0,1,0,0
"Pelayan baik, tempat bersih dan nyaman, kualitas makanan tetap terjaga",positif,,positif,positif,,,1,0,1,1,0
"wow gilak keren nyo, tempatnya luas bgt tak kasih bintang sepuluh",,,,positif,,,0,0,0,1,0
"TERLALU ENAK, 100000000/10. udang kejuu nya empuk enak kejunya banyaa",positif,,,,,,1,0,0,0,0
"Kak iqlima baik sekali, ga bawa cash buat parkir dikasih pinjamðŸ¥° â€¦",,,positif,,,,0,0,1,0,0
"makanannya enak dan murah, pelayanannya cepat, dan tempatnya juga luas dan nyaman",positif,positif,positif,positif,,,1,1,1,1,0
"pelayanan ramah, makananya enak",positif,,positif,,,,1,0,1,0,0
pelayanannya cepat,,,positif,,,,0,0,1,0,0
"Makanan nya enak, pelayanan nya bagus dan tempat nya bersih",positif,,positif,positif,,,1,0,1,1,0
"Tempatnya nyaman, pelayanan cepat, rasa enak, pedasnya mantap",positif,,positif,positif,,,1,0,1,1,0
Tempatnya lebih luas dan lebih nyaman pelayanannya juga semakin cepat,,,positif,positif,,,0,0,1,1,0
Makanan dan tempatnya bersih,positif,,,positif,,,1,0,0,1,0
"enak bangett tempatnya ademm, suka banget si sama mie nyaa",positif,,,positif,,,1,0,0,1,0
"mie nyaa enakk, tempatnya adem jugaa",positif,,,positif,,,1,0,0,1,0
"tempatnya luas, makanannya enak, rekomend harus coba kalo dijember",positif,,,positif,,,1,0,0,1,0
pelayanan lama bjirr gilaa hampir sejam nunggu blm jadi jadi ðŸ¥µ karyawanne kurang sat setðŸ«£ â€¦,,,negatif,,,,0,0,2,0,0
"Alhamdulillah puas, alhamdulillah gak ngantri,, gak pernah mengecewakan. Sudah balik bolak balik",,,,,positif,,0,0,0,0,1
"areanya luas dan bersih, pelayanannya ramah bngtt",,,positif,positif,,,0,0,1,1,0
"Mie nya enak, apalagi Sama snack udang dan keju nyaa â¤ï¸",positif,,,,,,1,0,0,0,0
makanannya enak layanannya sangat ramah sekali,positif,,positif,,,,1,0,1,0,0
tempatnya sangat nyaman dan pelayanannya oke,,,positif,positif,,,0,0,1,1,0
"Tempatnya luas, makanannya sesuai kantong mahasiswa dan enak",positif,positif,,positif,,,1,1,0,1,0
"Mantap emang, cocok kalo sarapan di sini wkwkwkw sambil main uno",,,,positif,,,0,0,0,1,0
"Tiap ke jember, gk pernah lupa untuk mampir ke gacoan. Pelayanannya juga ramahðŸ˜ â€¦",,,positif,,,,0,0,1,0,0
"pelayanan nya ramah, good job",,,positif,,,,0,0,1,0,0
"seperti biasa harus nunggu lama,karna selalu ramai ,okee kok",,,negatif,,,,0,0,2,0,0
Udang keju the besttt ðŸ¤© â€¦,positif,,,,,,1,0,0,0,0
"pelayanannya sangat ramah,gercep, rasa mienya konsisten",netral,,positif,,,,3,0,1,0,0
"Suasananya nyaman dan pelayanan nya ramah, worth it untuk gacoannya",,,positif,positif,,,0,0,1,1,0
Pelayanan sangat ramah dan pesanan cepat. Mantap poll,,,positif,,,,0,0,1,0,0
"Menunya enak, pelayanannya juga bagus dan harga terjangkau",positif,positif,positif,,,,1,1,1,0,0
Makin luas ajaaðŸ¥° â€¦,,,,positif,,,0,0,0,1,0
Pelayanan oke tempatnya luas dan bersih,,,positif,positif,,,0,0,1,1,0
"Tempatnya bagus, bersih, pelayanannya bagus, harganya juga cocok dikantong mahasiswaðŸ‘ â€¦",,positif,positif,positif,,,0,1,1,1,0
Pelayanannya sudah baik dan rasa makanannya juga enak.,positif,,positif,,,,1,0,1,0,0
"Mantappp, nyaman bersih",,,,positif,,,0,0,0,1,0
"mantep banget selalu nikmat, cabenya ga pelitt",positif,,,,,,1,0,0,0,0
"Mie nya mantapp polllll
Suasana juga lebih nyaman
Tidak usah ngantri",positif,,,positif,,,1,0,0,1,0
Makanan dan minuman nya enak bangett next pasti balik lagiii,positif,,,,,,1,0,0,0,0
"tempatnya lebih luas, pelayanannya juga sekarang lebih cepet ðŸ¤© â€¦",,,positif,positif,,,0,0,1,1,0
pelayanan sekarang sudah lumayan oke lebih cepat dari biasanya,,,positif,,,,0,0,1,0,0
Nyaman karna tempat sudah lebih luas dan pelayanan sudah lebih cepat,,,positif,positif,,,0,0,1,1,0
Menyala gacoankuuuu ðŸ”¥ðŸ”¥ â€¦,,,,,netral,,0,0,0,0,3
Mantap pelayanan cepat,,,positif,,,,0,0,1,0,0
"pelayananya ramah sekali, apalagi yg namanya kak teguhðŸ¤­ â€¦",,,positif,,,,0,0,1,0,0
"tempatnya lebih luas jadi makin nyaman, parkirannya juga luas. goodðŸ¤ â€¦",,,,positif,,,0,0,0,1,0
"pelayanan lebih cepat daripada sebelumnya, tempat jauh lebih bersih",,,positif,positif,,,0,0,1,1,0
"pelayanannya ramah""ðŸ’— â€¦",,,positif,,,,0,0,1,0,0
Pertama kali coba mie gacoan untuk porsinya lumayan banyakðŸ¤—ðŸ‘ â€¦,positif,,,,,,1,0,0,0,0
Selalu langganan dan memuaskan,,,,,positif,,0,0,0,0,1
"Enak makanannya dan nyaman tempatnya...
Parkirannya luas gie",positif,,,positif,,,1,0,0,1,0
gacoan di sudirman sangat enak banget,,,,,positif,,0,0,0,0,1
memuaskan,,,,,positif,,0,0,0,0,1
enak nyaman makanan nyea enak dan memuaskan sekalii !!,positif,,,positif,,,1,0,0,1,0
pelayanan lama bangett karyawannya perlu ganti sama yg berpengalaman,,,negatif,,,,0,0,2,0,0
Makanan nya enak pelayanan juga bagus tempatnya nyaman,positif,,positif,positif,,,1,0,1,1,0
"makanan nya enak, tempat nya recomended banget",positif,,,positif,,,1,0,0,1,0
Mejanya hanya bisa maximal 4 orang ga kaya kemaren yang bisa 9 orang,,,,negatif,,,0,0,0,2,0
Semakin luas dan parkiran semakin besar,,,,positif,,,0,0,0,1,0
"pelayanan bagus, tempatnya nyaman",,,positif,positif,,,0,0,1,1,0
"Pelayan cepat, teratur dan bersih baik tempat maupun dapur. Sukses slalu Mie Gacoan",,,positif,positif,,,0,0,1,1,0
Pelayanan sangat ramah,,,positif,,,,0,0,1,0,0
"tempatnya bersih,nyaman,pelayanan okee, the besttt",,,positif,positif,,,0,0,1,1,0
"bersih, luas, pelayanan bagus, mienya enak bangett",positif,,positif,positif,,,1,0,1,1,0
cozy dan murah bgtt,,positif,,positif,,,0,1,0,1,0
enak banget gausa pake antri untuk pesen makanannya,,,positif,,,,0,0,1,0,0
pelayana memuaskan,,,positif,,,,0,0,1,0,0
pelayanannya oke dan cepat . rasa oke banget,positif,,positif,,,,1,0,1,0,0
"tempat nya nyaman, pelayanannya juga bagus",,,positif,positif,,,0,0,1,1,0
"Pelayanannya cepat, tempatnya nyaman dan luas",,,positif,positif,,,0,0,1,1,0
Seru buat hangout bareng temen kalau bingung mau makan kemana,,,,,positif,,0,0,0,0,1
"antrinya terlalu lama,hanya untuk proses menuju meja saja alurnya terlalu lama",,,negatif,,,,0,0,2,0,0
"lama keburu males
estimasi rata rata satu jam labih baru bisa makan",,,negatif,,,,0,0,2,0,0
"the beast, suasananya enak bngt pelayanannya sangat ramahh",,,positif,positif,,,0,0,1,1,0
tempatnya lebih nyaman dan luas di bandingkan dengan gacoan yang di jl sumatra,,,,positif,,,0,0,0,1,0
"Enakk, pesannya gampang, rame bgt tapi teratur.",,,,positif,,,0,0,0,1,0
Tempatnya bersih..pelayanan cepat,,,positif,positif,,,0,0,1,1,0
"Pelayanannya ramah, cepat dan nyaman the best",,,positif,positif,,,0,0,1,1,0
Tolong diperhatikan kamar mandi untuk cust ya,,,,negatif,,,0,0,0,2,0
Sangat puas dan  murah meriah,,positif,,,,,0,1,0,0,0
"Meskipun rame tapi cepet kok pelayanannyaa
Bintang 5 dehh",,,positif,,,,0,0,1,0,0
"mie gacoannya emang paling the best sih, suasanane jadi lebih bagus dari yang kemaren.",positif,,,positif,,,1,0,0,1,0
Menu dan tempat serta pelayanan yg sangat baikkkk,positif,,positif,positif,,,1,0,1,1,0
Mantap pelayanan cepat,,,positif,,,,0,0,1,0,0
Pelayannya ramah dan baik. Suasananya mantap,,,positif,positif,,,0,0,1,1,0
Mantap pelayanan cepat,,,positif,,,,0,0,1,0,0
"pelayanan ramahh, baikk makanannya enakk",positif,,positif,,,,1,0,1,0,0
"Pelayanan ramah, tempat nyaman",,,positif,positif,,,0,0,1,1,0
"Makannya enak, tempat bersih, ramah",positif,,positif,positif,,,1,0,1,1,0
"Antri sampe 2 jam, makin kesini bukan nya makin cepet pelayananya",,,negatif,,,,0,0,2,0,0
Pelayanan top gercepðŸ‘Œ â€¦,,,positif,,,,0,0,1,0,0
"tempat nya luas dan nyaman sekali, pegawai nya ramah ramah",,,positif,positif,,,0,0,1,1,0
Tempat nyaman dan luas,,,,positif,,,0,0,0,1,0
Semakin bersih dan nyaman,,,,positif,,,0,0,0,1,0
Pelayanannya sat set,,,positif,,,,0,0,1,0,0
Tempatnya lebih luas,,,,positif,,,0,0,0,1,0
"suka sekali dengan service kak teguh, sangat ramah dan baik sekali",,,positif,,,,0,0,1,0,0
Tempatnya enak dan pelayanannya ramah,,,positif,positif,,,0,0,1,1,0
"Tempatnya luas dan nyaman banget
Untuk mie nya best banget",positif,,,positif,,,1,0,0,1,0
Mantap tempat nya nyaman dan enak untuk tempat hang out,,,,positif,,,0,0,0,1,0
"cocok buat tempat ngumpull, makanannya enak",positif,,,positif,,,1,0,0,1,0
Makanannya selalu enak pelayanannya ramah:),positif,,positif,,,,1,0,1,0,0
menarik,,,,,netral,,0,0,0,0,3
Pelayanan bagus,,,positif,,,,0,0,1,0,0
cukup ramai,,,,netral,,,0,0,0,3,0
Gak perlu bingung cari tempat makan sampai tengah malam ðŸ‘ â€¦,,,,positif,,,0,0,0,1,0
"Tempatnya nyamannya, pelayanan cepattt dan gercepp bngtt",,,positif,positif,,,0,0,1,1,0
"Makan gacoan pake pedes...
Huha huha dessss",netral,,,,,,3,0,0,0,0
"pelayanan nya baguss, mie nya enak",positif,,positif,,,,1,0,1,0,0
"pelayanan lama, kalau take away packaging masih pakai sterofoam",,,negatif,,,,0,0,2,0,0
"Pelayanannya cepat dan ramah, bersih dan nyaman",,,positif,positif,,,0,0,1,1,0
"Tempatnya lebih luas dari sebelumnya, mienya enak bessttt pokonya",positif,,,positif,,,1,0,0,1,0
Mantap pelayanan cepat,,,positif,,,,0,0,1,0,0
mie nya enak udang keju nya tambah besarðŸ¤­ðŸ¤­ â€¦,positif,,,,,,1,0,0,0,0
"Selalu enak, pelayanannya cepat",,,positif,,,,0,0,1,0,0
Semuanya enak.. tolong untuk level kepedasannya bisa lebih konsisten,negatif,,,,,,2,0,0,0,0
Overall good. Semoga kekonsistennya tetap terjaga ðŸ‘ðŸ‘. â€¦,,,,,positif,,0,0,0,0,1
pelayan ramah bgt,,,positif,,,,0,0,1,0,0
Tempatnya bersih,,,,positif,,,0,0,0,1,0
"Makannya enak murah,tempatnya baguss",positif,positif,,positif,,,1,1,0,1,0
pelayan sangat cepat,,,positif,,,,0,0,1,0,0
"Enak banget sih, pelayanannya juga ramah",positif,,positif,,,,1,0,1,0,0
Pelayanan bagus,,,positif,,,,0,0,1,0,0
Sangat menyenangkan,,,,,positif,,0,0,0,0,1
Sangat enak,,,,,positif,,0,0,0,0,1
"Tempat bagus, suasana nyaman, makanan enak..",positif,,,positif,,,1,0,0,1,0
Nunggu lama sekali sangat merugikan driver.pelayanan lelet sekali,,,negatif,,,,0,0,2,0,0
"makanannya enak sedap pas, mbk nya ramah ramah",positif,,positif,,,,1,0,1,0,0
pelayanan bagus dan tempatnya nyaman,,,positif,positif,,,0,0,1,1,0
"Tempatnya lebih luas, cara pesannya lebih modern, lebih nyaman",,,,positif,,,0,0,0,1,0
Mie nya enak pelayanan ramah dan super cepet,positif,,positif,,,,1,0,1,0,0
"Pelayanan baik, menu datang tidak lama",,,positif,,,,0,0,1,0,0
Best banget pelayanan,,,positif,,,,0,0,1,0,0
"tempat makanan bagus , pelayanan ramah, makanan enak",positif,,positif,positif,,,1,0,1,1,0
"seru semuaa, makanannya enakk, pelayannya ramahh",positif,,positif,,positif,,1,0,1,0,1
"Tempatnya lebih nyaman dari sebelumnya, miee nya enak",positif,,,positif,,,1,0,0,1,0
"Pelayanan bagus
Rasa gak pernah berubah",positif,,positif,,,,1,0,1,0,0
"enak, tempatnya luas cocok untuk nongki",,,,positif,,,0,0,0,1,0
memuakan,,,,,negatif,,0,0,0,0,2
"Pelayanan oke , antri ga perlu lama",,,positif,,,,0,0,1,0,0
makanan nya kurang sesuai ( kurang kecap ),negatif,,,,,,2,0,0,0,0
Rasa mie nya pas ke lidah dan pelayannya ramah,positif,,positif,,,,1,0,1,0,0
"pelayanannya bagus,enakkk mntapðŸ˜‹ðŸ˜‹ðŸ˜‹ â€¦",,,netral,,,,0,0,3,0,0
Tempatnya bersih dan ramah,,,,positif,,,0,0,0,1,0
Makanannya enak dan juga pelayanannya baik,positif,,positif,,,,1,0,1,0,0
"Pelayanannya oke, tempatnya bersih",,,positif,positif,,,0,0,1,1,0
Makanan favorit rekomend,netral,,,,,,3,0,0,0,0
"staf nya ramah bangettt, act of service",,,positif,,,,0,0,1,0,0
"Seruu disini suasananya, pelayanan nya juga cepetðŸ¤©ðŸ¤© â€¦",,,positif,positif,,,0,0,1,1,0
tempat nya lebih luas disini suka dehh,,,,positif,,,0,0,0,1,0
Seperti gacoan pada umumnya yang ramai dan penuh ketika golden hours,,,,netral,,,0,0,0,3,0
Pelayanan ramah dan tempatnya bersih,,,positif,positif,,,0,0,1,1,0
Kak bibah ramah sekaliiii ðŸ¥°ðŸ¥°ðŸ¥°ðŸ¥°ðŸ¥° â€¦,,,positif,,,,0,0,1,0,0
Pelayanan yang baik,,,positif,,,,0,0,1,0,0
Mantap pelayanannya,,,positif,,,,0,0,1,0,0
"Nyaman, aman, tentram
Pelayanan cepattt  bangettt",,,positif,positif,,,0,0,1,1,0
"The best pokoknya
Semoga makin berkembang",,,,,positif,,0,0,0,0,1
tempatnya luas makanannya enak semuaa,positif,,,positif,,,1,0,0,1,0
"antrinya tidak terlalu lama, pelayanannya jg oke",,,positif,,,,0,0,1,0,0
"Rasa nya enak mantapppp, lezattttt",positif,,,,,,1,0,0,0,0
Suasananya bagus,,,,positif,,,0,0,0,1,0
Kesana pas bukan jam makan jadi enak sepi,,,,netral,,,0,0,0,3,0
Enak banget makanan terfavorit pokoknya,positif,,,,,,1,0,0,0,0
Pelanyanannya sangat bagus dan karyawan nya ramah,,,positif,,,,0,0,1,0,0
Megahh bngttt tempatnya aku syukakkkkk. Mantappp poll,,,,positif,,,0,0,0,1,0
Enak bgtt sumpah,positif,,,,,,1,0,0,0,0
Pelayanan sat setðŸ‘ â€¦,,,positif,,,,0,0,1,0,0
"Pelayanannya cepet,gercepp sukakkk bangetttt",,,positif,,,,0,0,1,0,0
Tempat atau bangunan gacoan yang baru dan parkirannya lebih luas dan nyaman.,,,,positif,,,0,0,0,1,0
Gacoan baru makin menyalaa ðŸ”¥ðŸ”¥ðŸ”¥ðŸ”¥ â€¦,,,,,positif,,0,0,0,0,1
Pelayanan lama sekali mending yang dulu ditempat lama,,,negatif,,,,0,0,2,0,0
pajaknya mahal sama tempatnya puanas poll gerahhh yaampunn,,negatif,,negatif,,,0,2,0,2,0
"gacoan pb sudirman the bestt bgettâ™¡â™¡
#kateguhbaik",,,,,positif,,0,0,0,0,1
Pelayanannya ramahðŸ¥°apalagi kak bibahhh â€¦,,,positif,,,,0,0,1,0,0
"senang sekali sudah tidak ngantri berdiri,bisa langsung duduk",,,,positif,,,0,0,0,1,0
"mantap, pelayananya ramaah & cepat.",,,positif,,,,0,0,1,0,0
enak mantap,,,,,positif,,0,0,0,0,1
"Pelayanannya bagus dan ramah,mie juga enak",positif,,positif,,,,1,0,1,0,0
"Sangat puas dengan semuanya, pokoknya tidak diragukan lagi",,,,,positif,,0,0,0,0,1
Pelayanan memuaskan,,,positif,,,,0,0,1,0,0
"Mie nya enak, lv 1 pedes udah",positif,,,,,,1,0,0,0,0
Biar bintang yg berbicara,,,,,netral,,0,0,0,0,3
Tempat makannya luas juga buat tempat parkirnya luas,,,,positif,,,0,0,0,1,0
"makanan enak, tempatnya bersih dan nyaman",positif,,,positif,,,1,0,0,1,0
Pelayanan nya cepat,,,positif,,,,0,0,1,0,0
Crew nya ramah ramah dan baik mau membantu pengunjung yang bingung,,,positif,,,,0,0,1,0,0
Oke banget,,,,,netral,,0,0,0,0,3
pelayanannya lebih cepat mlm dan tidak terlalu ramai,,,positif,,,,0,0,1,0,0
Enak banget pelayanan baik,,,positif,,,,0,0,1,0,0
"Tempatnya luassssssss, nyamannnn bngttt",,,,positif,,,0,0,0,1,0
Sistemnya pemesanan sudah lebih baik Dari yang di Sumatra,,,positif,,,,0,0,1,0,0
pelayanannya bagus,,,positif,,,,0,0,1,0,0
"Pelayanan cepat,makanan tetap enak",positif,,positif,,,,1,0,1,0,0
"Mie Gacoan di PB Sudirman lebih luas, nyaman dan bagus enak bgt",,,,positif,,,0,0,0,1,0
Ribet bener mau pesen makanan bagi yg gaptek,,,,negatif,,,0,0,0,2,0
Gacoan emang senagih ituuuuuuuuu,positif,,,,,,1,0,0,0,0
Pesen hampir sejam blm nyampe pdhal cm ke JK,,,negatif,,,,0,0,2,0,0
Udang kejunya enak,positif,,,,,,1,0,0,0,0
Gak dapat sumpitðŸ˜Œ â€¦,,,negatif,,,,0,0,2,0,0
untuk suasananya nyaman dan layanannya juga bagus,,,positif,positif,,,0,0,1,1,0
Pelayan bagus dan sangat ramah...,,,positif,,,,0,0,1,0,0
"Cukup, konsisten kan pelayanan nyaa",,,netral,,,,0,0,3,0,0
pelayanan super lama padahal jam 1 malem,,,negatif,,,,0,0,2,0,0
"Pelayanan bagus,makanan fresh",positif,,positif,,,,1,0,1,0,0
"Lama sekali, percuma SPV banyak tapi lama lelet",,,negatif,,,,0,0,2,0,0
"keren sudah mulai kondusif untuk online ordernya, mantap",,,positif,,,,0,0,1,0,0
Pelayanan nya cepat,,,positif,,,,0,0,1,0,0
pelayanannya enak,,,positif,,,,0,0,1,0,0
pelayanannya cepat dan sangatt ramah,,,positif,,,,0,0,1,0,0
"pelayanan jam 01:30 bagus, cepat",,,positif,,,,0,0,1,0,0
"Orang dalam didulukan, reguler dilamain, tlg jangan pilih kasih",,,negatif,,,,0,0,2,0,0
mba iklimatul sangat ramah dan baik hati ðŸ¥° â€¦,,,positif,,,,0,0,1,0,0
"Tempatnya enak bangett,luass",,,,positif,,,0,0,0,1,0
"Murah, enak, pelayanan ramah",positif,positif,positif,,,,1,1,1,0,0
Mie 3 bungkus sampe sejam belum jadi,,,negatif,,,,0,0,2,0,0
kasir khansa harap ramah ke customer â˜º,,,negatif,,,,0,0,2,0,0
tempatnya lebih nyaman dan pelayanannya lebih cepat,,,positif,positif,,,0,0,1,1,0
"sui pelayanan e, fomo gacoan jadie lelet, gara ga mud",,,negatif,,,,0,0,2,0,0
Pesan lewat aplikasi gk bisa nambah saos,,,negatif,,,,0,0,2,0,0
Pelayanan nya sangat memuaskan,,,positif,,,,0,0,1,0,0
tempatnyaa nyaman makanannya enak,positif,,,positif,,,1,0,0,1,0
"pelayanan nya cepat, lopyu
anjay",,,positif,,,,0,0,1,0,0
"pelayanan cepatt, tempatnya nyaman",,,positif,positif,,,0,0,1,1,0
enak banget mie nya,positif,,,,,,1,0,0,0,0
"Tempatnya nyaman dan aman untuk anak""",,,,positif,,,0,0,0,1,0
Pelayanan cepat,,,positif,,,,0,0,1,0,0
"Makanannya enak, pelayanan juga enak, suasana enak",positif,,positif,positif,,,1,0,1,1,0
Pelayanannya ramahh bangett,,,positif,,,,0,0,1,0,0
Jos lah,,,,,netral,,0,0,0,0,3
Pelayanan nya ramah dan cepat,,,positif,,,,0,0,1,0,0
Mie gacoan jember,,,,,netral,,0,0,0,0,3
"ENAKKKK BANGETTTT, 10/1000000000.",positif,,,,,,1,0,0,0,0
Pelayanannya sangat ramah dan cepat,,,positif,,,,0,0,1,0,0
"Tempat higienis, bersih dan nyaman",,,,positif,,,0,0,0,1,0
tambah luass dongg,,,,positif,,,0,0,0,1,0
"tempatt baguss, luass, makanan enakk",positif,,,positif,,,1,0,0,1,0
Tempat nyaman dan mienya enak polll,positif,,,positif,,,1,0,0,1,0
makanan nya enak,positif,,,,,,1,0,0,0,0
mie nya enakk pelayanan nya okeðŸ¤© â€¦,positif,,positif,,,,1,0,1,0,0
Mie nya sangat sangat nikmat yang pernah aku makan,positif,,,,,,1,0,0,0,0
pelayanan cepat dan sangat memuaskan,,,positif,,,,0,0,1,0,0
Makanan enak pelayanan ramah,positif,,positif,,,,1,0,1,0,0
"kalo dateng pas malem, dingin loh",,,,netral,,,0,0,0,3,0
penyajian mantap,,,positif,,,,0,0,1,0,0
Makanannya mantapppp,positif,,,,,,1,0,0,0,0
Mienya enak dan pelayanan bagus,positif,,positif,,,,1,0,1,0,0
Pelayanan cepat memuaskan ...,,,positif,,,,0,0,1,0,0
Rekomendasi untuk makan keluarga atau temanÂ²,,,,,positif,,0,0,0,0,1
Seneng setiap liburan semester bisa ksini,,,,,positif,,0,0,0,0,1
pelayanannya ramah dan cepatt,,,positif,,,,0,0,1,0,0
Tempat Nyaman dan makanannya enakkðŸ‘ â€¦,positif,,,positif,,,1,0,0,1,0
Tambah besar dan pelayannya sudah cepat,,,positif,positif,,,0,0,1,1,0
love you gacoanðŸŽ€ðŸ˜ â€¦,,,,,positif,,0,0,0,0,1
Pelayanan nya cepat,,,positif,,,,0,0,1,0,0
"mie nya enak
pengantarannya cepat",positif,,positif,,,,1,0,1,0,0
pelayanan nya sangat ramah,,,positif,,,,0,0,1,0,0
Pelayanan nya ramah dan cepat,,,positif,,,,0,0,1,0,0
cepat dan bersih,,,positif,positif,,,0,0,1,1,0
Yang skrg enak bgtt tempatnya,,,,positif,,,0,0,0,1,0
Puas banget deh,,,,,positif,,0,0,0,0,1
Sangat nyaman dan enakkk ðŸ¤—â¤ï¸â€ðŸ”¥ â€¦,,,,positif,,,0,0,0,1,0
"Mantappp,pelayanan sangat ramah",,,positif,,,,0,0,1,0,0
Pelayanan cepat mantap pokoknya,,,positif,,,,0,0,1,0,0
Mantab,,,,,positif,,0,0,0,0,1
Luas bingit jadi banyak mejanyaâ¤,,,,positif,,,0,0,0,1,0
enak banget nyam,positif,,,,,,1,0,0,0,0
"mknnnya slalu enakk, aplg siomaynya lof",positif,,,,,,1,0,0,0,0
"tempatnya bagus ,lebih luas dan nyaman",,,,positif,,,0,0,0,1,0
pelayanannya bagus banget humoris,,,positif,,,,0,0,1,0,0
pelayanannn ramahhh syekaliiiiiðŸ˜ðŸ¥°ðŸ¥°ðŸ¥°ðŸ¥° â€¦,,,positif,,,,0,0,1,0,0
pelayanannya nyaman,,,positif,,,,0,0,1,0,0
Pelayanan cukup memuaskan.,,,positif,,,,0,0,1,0,0
"tempatnya nyaman, semangat terus",,,,positif,,,0,0,0,1,0
Tidak disediakan tempat cantolan mantel,,,,negatif,,,0,0,0,2,0
"pelayanan ramah, cepat",,,positif,,,,0,0,1,0,0
Pelayanannya cepat dan ramahh,,,positif,,,,0,0,1,0,0
"Gercep, parkiran luas,
Enakk poll, mantulll",,,positif,positif,,,0,0,1,1,0
"Pegawainya ramah, nyaman",,,positif,,,,0,0,1,0,0
MantapðŸ‘ â€¦,,,,,positif,,0,0,0,0,1
sangatt enak pelayanan ramah,,,positif,,,,0,0,1,0,0
Bagus Dan ramah,,,positif,,,,0,0,1,0,0
mantappp bgtt,,,,,positif,,0,0,0,0,1
"BAGUS SEKALI, PELAYAN CEPAT, KARYAWAN RAMAH, BISA DICOBA",,,positif,,,,0,0,1,0,0
nyaman dan enak untuk gibah dan ceritaÂ²,,,,positif,,,0,0,0,1,0
Tempat sangat bagus,,,,positif,,,0,0,0,1,0
nikmat dan makanan favorit semua orang,positif,,,,,,1,0,0,0,0
sangatt ramahhhh pelayanannyaa,,,positif,,,,0,0,1,0,0
Tempatnya bagus,,,,positif,,,0,0,0,1,0
"tempat nya nyaman, dan bersih",,,,positif,,,0,0,0,1,0
Pelayanannya cepet dan ramahh,,,positif,,,,0,0,1,0,0
makanannya enak sip lah,positif,,,,,,1,0,0,0,0
"Kesekian kalinya ke gacoan gaperna kecewa soal makanan tempat sama pelayanan perfect!!!!!!!!!!!!!!!!!!!!!!!!!!!!!!!!!!!!
Yang gasuka gacoan minggirrrrr udang keju besttttt",positif,,positif,positif,,,1,0,1,1,0
tempatnya nyaman dan bagusðŸ‘ðŸ» â€¦,,,,positif,,,0,0,0,1,0
"enakk , pelayanannya baikk",positif,,positif,,,,1,0,1,0,0
"Pelayanan bagus, mantab",,,positif,,,,0,0,1,0,0
pelayanannya ramah banget,,,positif,,,,0,0,1,0,0
Mantapp poll. Fasilitas okeee,,,,positif,,,0,0,0,1,0
"enak, suka banget makan disini",positif,,,,,,1,0,0,0,0
pelayanannya baik ramah,,,positif,,,,0,0,1,0,0
mantapp,,,,,positif,,0,0,0,0,1
Tempatnya lebih luas dan nyaman,,,,positif,,,0,0,0,1,0
Enak sii makananya,positif,,,,,,1,0,0,0,0
pelayanan cepat,,,positif,,,,0,0,1,0,0
Memuaskan gacoan the best,,,,,positif,,0,0,0,0,1
Rekomended buat pecinta mie pedas,,,,,positif,,0,0,0,0,1
rekomended untuk para mahasiswa,,,,,positif,,0,0,0,0,1
lebih luasss,,,,netral,,,0,0,0,3,0
pelayanannya sangatt cepat,,,positif,,,,0,0,1,0,0
Semakin luas bersih dan nyaman,,,,positif,,,0,0,0,1,0
Mempersulit pemesanan online melewati grab,,,negatif,,,,0,0,2,0,0
tempatnya nyaman dan enak,,,,positif,,,0,0,0,1,0
baik sekali,,,,,positif,,0,0,0,0,1
Okee bangeeeett,,,,,positif,,0,0,0,0,1
Bagus,,,,,positif,,0,0,0,0,1
"PELAYANANNYA TEGUH BAGUS  DAN SOPAN, TERIMA KASIH GACOAN",,,positif,,,,0,0,1,0,0
baikðŸ‘ â€¦,,,,,positif ,,0,0,0,0,0
Rasanya enak,positif,,,,,,1,0,0,0,0
Lebih nyaman luas enak,,,,positif,,,0,0,0,1,0
Sangat nyamannnn murahh enakkk,,positif,,positif,,,0,1,0,1,0
sangat memuaskan,,,,,positif,,0,0,0,0,1
"Lebih simpel, tapi kamar mandi jorok",,,,negatif,,,0,0,0,2,0
"Sale ramah, pramusaji ramah...enak",,,positif,,,,0,0,1,0,0
pelayanan bagus tempt bersih,,,positif,positif,,,0,0,1,1,0
"sistem gak jelas, pelayanan 0",,,negatif,,,,0,0,2,0,0
"Bagus, pelayanan ramah",,,positif,,,,0,0,1,0,0
Pelayanannya ramahðŸ‘ â€¦,,,positif,,,,0,0,1,0,0
nyaman dan baguss,,,,positif,,,0,0,0,1,0
Makanannya enak,positif,,,,,,1,0,0,0,0
pelayanan baik sekali,,,positif,,,,0,0,1,0,0
enak dan cepat,positif,,positif,,,,1,0,1,0,0
enakÂ² semua gk bikin bosenn,positif,,,,,,1,0,0,0,0
Rasanya enak,positif,,,,,,1,0,0,0,0
Pelayanannya memuaskan,,,positif,,,,0,0,1,0,0
Mantap,,,,,positif,,0,0,0,0,1
pelayanan ramah dan amanah,,,positif,,,,0,0,1,0,0
Pelayanan cepat dan ramah,,,positif,,,,0,0,1,0,0
mantap bang,,,,,positif,,0,0,0,0,1
"Tempatnya nyaman, bersih",,,,positif,,,0,0,0,1,0
tempatnya nyaman dan luas,,,,positif,,,0,0,0,1,0
"Pelayanannya mantaaap,",,,positif,,,,0,0,1,0,0
"mie nya enakk, dan mengenyangkanðŸ¤— â€¦",positif,,,,,,1,0,0,0,0
yeaaayyyy seruuu bgttt pelayannnya humoriss,,,positif,,,,0,0,1,0,0
"pelayanan cepat, karyawan ramah",,,positif,,,,0,0,1,0,0
"Murah, rasa enak dan cocok di lidah",positif,positif,,,,,1,1,0,0,0
mantap,,,,,positif,,0,0,0,0,1
selalu bikin nagih,positif,,,,,,1,0,0,0,0
enakk bangett,positif,,,,,,1,0,0,0,0
tempatnya bagus,,,,positif,,,0,0,0,1,0
Mantull,,,,,positif,,0,0,0,0,1
"Lebih bagus, lebih nyaman, bersih",,,,positif,,,0,0,0,1,0
Mienya mantap,positif,,,,,,1,0,0,0,0
Mantapp,,,,,positif,,0,0,0,0,1
oke,,,,,positif,,0,0,0,0,1
Sangat memuaskan,,,,,positif,,0,0,0,0,1
Nyaman dan nyaman,,,,positif,,,0,0,0,1,0
"Memuaskan, tempatnya nyaman, tempatnya bersih",,,,positif,,,0,0,0,1,0
Mantap,,,,,positif,,0,0,0,0,1
Makanya enak pelayanan top,positif,,positif,,,,1,0,1,0,0
mantap,,,,,positif,,0,0,0,0,1
mantap,,,,,positif,,0,0,0,0,1
Mantapp,,,,,positif,,0,0,0,0,1
"Enak banget, pelayanannya ramah",positif,,positif,,,,1,0,1,0,0
pelayanan sangat baik,,,positif,,,,0,0,1,0,0
"Nyamann, bersih",,,,positif,,,0,0,0,1,0
nyaman ramah,,,,positif,,,0,0,0,1,0
mantap,,,,,positif,,0,0,0,0,1
mantapppp,,,,,positif,,0,0,0,0,1
Baik sekali,,,,,positif,,0,0,0,0,1
Tempatnya nyaman dan bersih,,,,positif,,,0,0,0,1,0
bagus abizz,,,,,positif,,0,0,0,0,1
enak bgt rekomen bgt iniiiðŸ˜ðŸ˜ðŸ˜ â€¦,positif,,,,,,1,0,0,0,0
pelayanannya cepet bgt,,,positif,,,,0,0,1,0,0
mantap,,,,,positif,,0,0,0,0,1
Pelayanannya cepat bgtt,,,positif,,,,0,0,1,0,0
Pedasnya Pass Pelayanan Ramah,positif,,positif,,,,1,0,1,0,0
tempatnya sejuk enak,,,,positif,,,0,0,0,1,0
Cepat dan ramahh sekalii,,,positif,,,,0,0,1,0,0
Tempatnya nyaman dan luas,,,,positif,,,0,0,0,1,0
mantap,,,,,positif,,0,0,0,0,1
Ruameeeee puollll meskipun malemðŸ’– â€¦,,,,netral,,,0,0,0,3,0
Kasir qorina tidak memberikan kembalian,,,negatif,,,,0,0,2,0,0
Mie gacoan fav sejuta umat nih,positif,,,,,,1,0,0,0,0
tempatnya bagus yang sekarang,,,,positif,,,0,0,0,1,0
mantap ih bikin kenyang,positif,,,,,,1,0,0,0,0
Oke,,,,,positif,,0,0,0,0,1
tempat dan pelayanan bagus,,,positif,positif,,,0,0,1,1,0
pelayanan cepat,,,positif,,,,0,0,1,0,0
di online kok masi tutup ya,,,netral,,,,0,0,3,0,0
Pelayanan cepat,,,positif,,,,0,0,1,0,0
rute cara pesennya lebih simple,,,positif,,,,0,0,1,0,0
Pelayanannya okeðŸ’¯ â€¦,,,positif,,,,0,0,1,0,0
Pelayanannn okeeeee bngttt,,,positif,,,,0,0,1,0,0
Pelayanan oke,,,positif,,,,0,0,1,0,0
enak banget,positif,,,,,,1,0,0,0,0
Pelayanan sangat ramah,,,positif,,,,0,0,1,0,0
"enakkk, mantappp",positif,,,,,,1,0,0,0,0
layanan baik dan ramah,,,positif,,,,0,0,1,0,0
tempat nya lebih luas,,,,positif,,,0,0,0,1,0
nyam enak betul,positif,,,,,,1,0,0,0,0
Bagus kak,,,,,positif,,0,0,0,0,1
enakk bgttðŸ˜»ðŸ˜»ðŸ˜» â€¦,positif,,,,,,1,0,0,0,0
Estetik banget tempat yg sekarang,,,,positif,,,0,0,0,1,0
Pelayanan cepat,,,positif,,,,0,0,1,0,0
Pelayanan oke,,,positif,,,,0,0,1,0,0
makin nyaman tempatnya,,,,positif,,,0,0,0,1,0
mantapp,,,,,positif,,0,0,0,0,1
murah nyaman dan enak,positif,positif,,positif,,,1,1,0,1,0
Tempatnya bagus dan bersih,,,,positif,,,0,0,0,1,0
Bagus,,,,,positif,,0,0,0,0,1
pelayanan cepat,,,positif,,,,0,0,1,0,0
"tempatnya bersih,luas",,,,positif,,,0,0,0,1,0
Karyawannya banyak gurau.bikin lama,,,negatif,,,,0,0,2,0,0
Sangat menyenangkan,,,,,positif,,0,0,0,0,1
Enaak dan nyaman,positif,,,positif,,,1,0,0,1,0
Mantap,,,,,positif,,0,0,0,0,1
pelayanan cepat,,,positif,,,,0,0,1,0,0
Pelayanannya teratur,,,positif,,,,0,0,1,0,0
enak banget,positif,,,,,,1,0,0,0,0
"Enak, dan nyaman",positif,,,positif,,,1,0,0,1,0
Mie nya enak dan mantap,positif,,,,,,1,0,0,0,0
"sangat luas, dan enakk",,,,positif,,,0,0,0,1,0
"Wastafel bagian laki"" Rusak",,,,negatif,,,0,0,0,2,0
"Seru, keren, cepat",,,,,positif,,0,0,0,0,1
Enak sekali,positif,,,,,,1,0,0,0,0
ga pernah ga enakðŸ¥° â€¦,positif,,,,,,1,0,0,0,0
pelayaannya bagusss,,,positif,,,,0,0,1,0,0
Uenaak pelayanan cepat,,,positif,,,,0,0,1,0,0
Makanan nya enak,positif,,,,,,1,0,0,0,0
tempatnya luas bngttt,,,,positif,,,0,0,0,1,0
enakk makanan nya,positif,,,,,,1,0,0,0,0
"PELAYANAN RAMAH, KARYAWAN PADA SOPAN",,,positif,,,,0,0,1,0,0
Lain kali nyoba lesehan,,,,,netral,,0,0,0,0,3
pelayanan baik,,,positif,,,,0,0,1,0,0
tempat nyaman dan luas,,,,positif,,,0,0,0,1,0
Pelayanannya cepat,,,positif,,,,0,0,1,0,0
Muanttap polll semuanya ðŸ”¥ðŸ”¥ðŸ”¥ â€¦,,,,,positif,,0,0,0,0,1
Alhamdulillah kenyang dan juga puas,positif,,,,,,1,0,0,0,0
pelayan cepat dan baik,,,positif,,,,0,0,1,0,0
mantappp,,,,,positif,,0,0,0,0,1
Cs nya baik,,,positif,,,,0,0,1,0,0
"Cepat, tepat",,,positif,,,,0,0,1,0,0
"Enak betdah,nyaman. Maaciw gacoan",positif,,,positif,,,1,0,0,1,0
Mantab parkiran luas,,,,positif,,,0,0,0,1,0
"Enakk, sistemnya ga ribet",,,,,positif,,0,0,0,0,1
mantappp,,,,,positif,,0,0,0,0,1
lain kali nyoba lesehan,,,,,positif,,0,0,0,0,1
mantap,,,,,positif,,0,0,0,0,1
Mantappp banget sekarang,,,,,positif,,0,0,0,0,1
keren bangettttttt,,,,,positif,,0,0,0,0,1
"mantap, enakk",positif,,,,,,1,0,0,0,0
senang dengan palayanannya,,,positif,,,,0,0,1,0,0
"Enak, ramah, fast respon",,,positif,,,,0,0,1,0,0
enakk banget,positif,,,,,,1,0,0,0,0
Makanan  enak dan murah,positif,positif,,,,,1,1,0,0,0
wort it bangett,,,,,positif,,0,0,0,0,1
pelayanan baik,,,positif,,,,0,0,1,0,0
Secepat ini sekarang di gacoan,,,positif,,,,0,0,1,0,0
ENAK BANGEET!,positif,,,,,,1,0,0,0,0
Akses kesini mudah,,,,positif,,,0,0,0,1,0
penyajian lemott,,,negatif,,,,0,0,2,0,0
mantappp.,,,,,positif,,0,0,0,0,1
Pelayanan cepattt puass,,,positif,,,,0,0,1,0,0
mantap,,,,,positif,,0,0,0,0,1
enak,positif,,,,,,1,0,0,0,0
"24jam, mantap",,,positif,,,,0,0,1,0,0
Selalu terthebestâ¤ï¸ðŸ–¤ â€¦,,,,,positif,,0,0,0,0,1
love gacoann ðŸ©·ðŸ©· â€¦,,,,,positif,,0,0,0,0,1
Mantappp bagussss,,,,,positif,,0,0,0,0,1
pelayanannnyaa seruu,,,positif,,,,0,0,1,0,0
cinta gacoanðŸ«°ðŸ»ðŸ«°ðŸ»ðŸ˜˜ â€¦,,,,,positif,,0,0,0,0,1
Baguss,,,,,positif,,0,0,0,0,1
pertahankan yaa,,,,,positif,,0,0,0,0,1
rekomen buat warga jember,,,,,positif,,0,0,0,0,1
kata kata hari ini,,,,,netral,,0,0,0,0,3
baguus nyaman asik,,,,positif,,,0,0,0,1,0
enak mantap,positif,,,,,,1,0,0,0,0
Ramai,,,,netral,,,0,0,0,3,0
Makanan enak,positif,,,,,,1,0,0,0,0
kenyang,positif,,,,,,1,0,0,0,0
Mantap coyy,,,,,positif,,0,0,0,0,1
Bagus,,,,,positif,,0,0,0,0,1
mantap,,,,,positif,,0,0,0,0,1
enakðŸ‘ðŸ» â€¦,positif,,,,,,1,0,0,0,0
"wenakkk puol,langganan",positif,,,,,,1,0,0,0,0
Enak,positif,,,,,,1,0,0,0,0
mantapp,,,,,positif,,0,0,0,0,1
enak,positif,,,,,,1,0,0,0,0
sippp enakk pollll,positif,,,,,,1,0,0,0,0
menyenangkan,,,,,positif,,0,0,0,0,1
lelet banget sumpah,,,negatif,,,,0,0,2,0,0
enakðŸ‘ â€¦,positif,,,,,,1,0,0,0,0
Enakk bangetttðŸ‘Œ â€¦,positif,,,,,,1,0,0,0,0
oke,,,,,positif,,0,0,0,0,1
enakk,positif,,,,,,1,0,0,0,0
nyaman,,,,positif,,,0,0,0,1,0
enakk,positif,,,,,,1,0,0,0,0
Mantap,,,,,positif,,0,0,0,0,1
Enak,positif,,,,,,1,0,0,0,0
Mantappp,,,,,positif,,0,0,0,0,1
Gacor,,,,,positif,,0,0,0,0,1
Baik,,,,,positif,,0,0,0,0,1
Pelayanan baik,,,positif,,,,0,0,1,0,0
mantap,,,,,positif,,0,0,0,0,1
Mantul,,,,,positif,,0,0,0,0,1
Mantap,,,,,positif,,0,0,0,0,1
Mantap,,,,,positif,,0,0,0,0,1
Mantab,,,,,positif,,0,0,0,0,1
gacoannnn luvvvvvvðŸ˜­â¤ï¸â¤ï¸â¤ï¸â¤ï¸â¤ï¸â¤ï¸â¤ï¸â¤ï¸â¤ï¸ðŸ”¥ðŸ”¥ðŸ”¥ðŸ”¥ðŸ”¥ â€¦,,,,,positif,,0,0,0,0,1
Uenakkk poll mantul,positif,,,,,,1,0,0,0,0
SUNGKEM SAMA YANG NYIPTAIN GACOAN BEST BNGT TOLONGG!!!!!!!!!!!!!!,,,,,positif,,0,0,0,0,1
mantapðŸ‘ðŸ‘ðŸ‘ â€¦,,,,,positif,,0,0,0,0,1
enak,positif,,,,,,1,0,0,0,0
kerenn pemesanan cepaatt,,,positif,,,,0,0,1,0,0
Enak,positif,,,,,,1,0,0,0,0
mantap,,,,,positif,,0,0,0,0,1
Mantul,,,,,positif,,0,0,0,0,1
Nyaman,,,,positif,,,0,0,0,1,0
oke,,,,,positif,,0,0,0,0,1
Mantap,,,,,positif,,0,0,0,0,1
lop pol gez,,,,,positif,,0,0,0,0,1
enak,positif,,,,,,1,0,0,0,0
Mantappp,,,,,positif,,0,0,0,0,1
enakkkk,positif,,,,,,1,0,0,0,0
Enak,positif,,,,,,1,0,0,0,0
Enak,positif,,,,,,1,0,0,0,0
enakkk,positif,,,,,,1,0,0,0,0
mantap,,,,,positif,,0,0,0,0,1
Mantap,,,,,positif,,0,0,0,0,1
Mantappp,,,,,positif,,0,0,0,0,1
Mantap,,,,,positif,,0,0,0,0,1
mantap,,,,,positif,,0,0,0,0,1
mantap,,,,,positif,,0,0,0,0,1
Mantap,,,,,positif,,0,0,0,0,1
enak,positif,,,,,,1,0,0,0,0
enakkk,positif,,,,,,1,0,0,0,0
mantulll,,,,,positif,,0,0,0,0,1
Enakkk,positif,,,,,,1,0,0,0,0
Mantap,,,,,positif,,0,0,0,0,1
bagus,,,,,positif,,0,0,0,0,1
Enak dan nyaman,positif,,,positif,,,1,0,0,1,0
Suasana ruamai,,,,netral,,,0,0,0,3,0
mantapppppzzz,,,,,positif,,0,0,0,0,1
Enak & Nikmat,positif,,,,,,1,0,0,0,0
Mantappp,,,,,positif,,0,0,0,0,1
Mantap,,,,,positif,,0,0,0,0,1
Mantap,,,,,positif,,0,0,0,0,1
terbaikkkkkkk,,,,,positif,,0,0,0,0,1
Seru,,,,,positif,,0,0,0,0,1
GACORRR ABISSS,,,,,positif,,0,0,0,0,1
bestt bangett,,,,,positif,,0,0,0,0,1
gacoan mantapp,,,,,positif,,0,0,0,0,1
OKEE LAH ðŸ‘ðŸ‘ðŸ‘ â€¦,,,,,netral,,0,0,0,0,3
TEMPEK COK,,,,,negatif,,0,0,0,0,2
sangat puas,,,,,positif,,0,0,0,0,1
Istimewa ðŸ˜âœ¨ â€¦,,,,,positif,,0,0,0,0,1
BUJANG LAH,,,,,netral,,0,0,0,0,3
"wah, mie nya enak",positif,,,,,,1,0,0,0,0
"untuk makanan yg gacoan sekarang makin pucet dan rasany berubah. waktu tunggu apalgi, sepi aja 20 menit kalau rame lebih dari itu. setiap d komplain malah nantangin balik kan kocakðŸ‘ðŸ‘ â€¦",negatif,,negatif,,,,2,0,2,0,0
Mantabbb bangetttt ihhh,,,,,positif,,0,0,0,0,1
"Pelayanan ga baik, udah salah ngomong seenaknya",,,negatif,,,,0,0,2,0,0
Segala tata cara di semua cabang seluruh Indonesia sama... Tertib dan serba teratur. Area tempat makan luas begitu juga tempat parkir. Buka 24 jam ðŸ‘ðŸ‘ â€¦,,,positif,positif,,,0,0,1,1,0
enak,positif,,,,,,1,0,0,0,0
Seruuu,,,,,positif,,0,0,0,0,1
bersih dan sat sett,,,positif,positif,,,0,0,1,1,0
Ruanganya luas lega banget,,,,positif,,,0,0,0,1,0
Goodd bangett pelayannann,,,positif,,,,0,0,1,0,0
"Wah keren! Gacoan bisa secanggih itu ya. Pertama kali nyobain sistem pesen via QR code, mulai dari mesen sampe pembayaran online. Jadi ga perlu capek-capek antri. Untuk rasa sih oke ya.. sesuai standar gacoan. Udah pasti enak. Anw pelayanannya juga cepet bgt, bersih juga. MantapðŸ‘ â€¦",positif,,positif,positif,,,1,0,1,1,0
Semakin terarah,,,,,netral,,0,0,0,0,3
Tempat yg baru lebih luas tempatnya nyaman dan buka 24jam ðŸ¥° â€¦,,,positif,positif,,,0,0,1,1,0
"tempatnya nyaman, bersih, pelayanan oke, 10/10",,,positif,positif,,,0,0,1,1,0
Tempat nyaman layanan enak murah,,positif,positif,positif,,,0,1,1,1,0
"Enak"", pelayanan nya the best ðŸ˜ â€¦",positif,,positif,,,,1,0,1,0,0
Pelayanan memuaskan,,,positif,,,,0,0,1,0,0
Enakk bangett,positif,,,,,,1,0,0,0,0
"semakin lama pelayanannya semakin cepat, tidak terlalu ramai, dan selalu enak",,,positif,,,,0,0,1,0,0
"Menunya bermacam-macam, enak, harga terjangkau, tempat nyaman, pelayan ramah",positif,positif,positif,positif,,,1,1,1,1,0
mantap sekali gacoanðŸ˜¡ â€¦,,,,,positif,,0,0,0,0,1
Pelayanan mantap,,,positif,,,,0,0,1,0,0
"mie nya enak, tempat nya nyaman",positif,,,positif,,,1,0,0,1,0
"Pelayanannya sudah baik, tidak menunggu lama, makanannya dan minuman enakk dan rekomendasi bgt untuk makan bersama teman dan keluarga ðŸ˜ðŸ˜ðŸ˜ â€¦",positif,,positif,,,,1,0,1,0,0
"Pelayanannya best, kakaknya ramah semua dan makanan enak ðŸ‘ â€¦",positif,,positif,,,,1,0,1,0,0
"Suka banget recomended dari makanan, pelayanan mantepppp",positif,,positif,,,,1,0,1,0,0
tempat dan makanannya enak,positif,,,positif,,,1,0,0,1,0
"Bagus, pengantaran makanan cepat",,,positif,,,,0,0,1,0,0
tempatnya enak banget,,,,positif,,,0,0,0,1,0
enak,positif,,,,,,1,0,0,0,0
asikkk mbk bibahh,,,,,netral,,0,0,0,0,3
Ruamee sekali,,,,netral,,,0,0,0,3,0
Best bangett. Kakak kakaknya ramah dan friendly bgtt. Pelayanan cepat dan makanannya enak bgt. Bisa bgt dijadikan tempat kumpul dengan teman teman âœ¨,positif,,positif,positif,,,1,0,1,1,0
"suasanya nyaman, makanannya enak, mantap pko nya dee-!! bintang 5â­â­â­â­â­",positif,,,positif,,,1,0,0,1,0
"Mantap banget, tempatnya juga lebih baguss cocok untuk tempat kumpul sama temen",,,,positif,,,0,0,0,1,0
"Tempatnya luas, suasana nyaman, cocok untuk keluarga.",,,,positif,,,0,0,0,1,0
"Makanannya lumayan enak, tapi kebersihannya masih kurang rapi ðŸ™ â€¦",positif,,,negatif,,,1,0,0,2,0
"Suka banget sama resto ini gan, mantap ...",,,,,positif,,0,0,0,0,1
Thai tehanya favoritt seihhhhhhhðŸ˜ðŸ˜ðŸ˜ðŸ˜ â€¦,positif,,,,,,1,0,0,0,0
Disini murah meriah bersih dan enak,,positif,,positif,,,0,1,0,1,0
"WAKTU PANJANG. PANJANG BGTZ. BGTZZ. Sudah 3 jam aku menunggu, aku belum bisa minum, tapi aku sudah menunggu.",,,negatif,,,,0,0,2,0,0
Kakk Teguhhh ramahhhðŸ¤â¤ï¸ â€¦,,,positif,,,,0,0,1,0,0
EnakkkkkkkkkkðŸ’— â€¦,positif,,,,,,1,0,0,0,0
Bagus,,,,,positif ,,0,0,0,0,0
Kamu yang terbaik.,,,,,positif ,,0,0,0,0,0
Pelayanan terbaik,,,positif,,,,0,0,1,0,0
enak sekali,positif,,,,,,1,0,0,0,0
"Terlalu bagus, terlalu bagus, terlalu enak, pelayanannya baik",positif,,positif,,positif,,1,0,1,0,1
Bagus sekali ðŸ˜˜ â€¦,,,,,positif,,0,0,0,0,1
menyeruput ðŸ«¶ðŸ» â€¦,,,,,netral,,0,0,0,0,3
stabil,,,,,netral,,0,0,0,0,3
menyesap,,,,,netral,,0,0,0,0,3
Manteubb,,,,,positif,,0,0,0,0,1
Bagus,,,,,positif,,0,0,0,0,1
Pohonnya sudah kuat ðŸ˜Ž â€¦,,,,,netral,,0,0,0,0,3
Mie terenak yang pernah saya temukan di jember,positif,,,,,,1,0,0,0,0
"bgs, tutup",,,negatif,,,,0,0,2,0,0
"senang banget, layak dibeliðŸ¥°ðŸ¥° â€¦",,,,,positif,,0,0,0,0,1
sangat berharga bgtttttâ¤ï¸ðŸ”¥ â€¦,,,,,netral,,0,0,0,0,3
Assekkk,,,,,netral,,0,0,0,0,3
mantaab,,,,,positif,,0,0,0,0,1
Perutku nikmat sekali.,,,,,netral,,0,0,0,0,3
anjayy,,,,,negatif,,0,0,0,0,2
"Aku mencintaimu, Bu Bibah.",,,,,positif,,0,0,0,0,1
Maya,,,,,netral,,0,0,0,0,3
Mantaaaabb,,,,,positif,,0,0,0,0,1
suasana panas,,,,negatif,,,0,0,0,2,0
Menyesap,,,,,netral,,0,0,0,0,3
Mantapppppppp,,,,,positif,,0,0,0,0,1
enak sekali,positif,,,,,,1,0,0,0,0
mntp,,,,,positif,,0,0,0,0,1
Bagus ðŸ‘ŒðŸ» â€¦,,,,,positif,,0,0,0,0,1
Bagus,,,,,positif,,0,0,0,0,1
Sipppp,,,,,positif,,0,0,0,0,1
BagusðŸ‘ðŸ» â€¦,,,,,positif,,0,0,0,0,1
gacoan tidak selalu siap,,,,,negatif,,0,0,0,0,2
"Ya, ya.",,,,,netral,,0,0,0,0,3
terbaik,,,,,positif ,,0,0,0,0,0
ruaaeeee jajak pendapat,,,,,netral,,0,0,0,0,3
Sangat bagus,,,,,positif,,0,0,0,0,1
Selalu Rame,,,,netral,,,0,0,0,3,0
Nuagihhhhh pollll,positif,,,,,,1,0,0,0,0
Bagus,,,,,positif,,0,0,0,0,1
Bagus,,,,,positif,,0,0,0,0,1
dua,,,,,netral,,0,0,0,0,3
ayam terbaik,positif,,,,,,1,0,0,0,0
lanjutkan kerja baikmu,,,,,positif,,0,0,0,0,1
Bagus,,,,,positif,,0,0,0,0,1
Itu yang terbaik!!,,,,,positif,,0,0,0,0,1
Atas,,,,,netral,,0,0,0,0,3
Bagus,,,,,positif,,0,0,0,0,1
Antrii puoooollll,,,negatif,,,,0,0,2,0,0
Bagus,,,,,positif,,0,0,0,0,1
Ini semua yang terbaik,,,,,positif,,0,0,0,0,1
sepadan,,,,,netral,,0,0,0,0,3
Bagus,,,,,positif,,0,0,0,0,1
Lopp bgttt,,,,,positif,,0,0,0,0,1
yang terbaik,,,,,positif,,0,0,0,0,1
Dingin,,,,,netral,,0,0,0,0,3
JAJAK PENDAPAT YANG BAGUS ðŸ‘ â€¦,,,,,netral,,0,0,0,0,3
gokilgacor josjis,,,,,netral,,0,0,0,0,3
Yang terbaikkkkkðŸ”¥ â€¦,,,,,positif,,0,0,0,0,1
JOSS ðŸ‘ðŸ‘ðŸ‘ðŸ‘ðŸ‘ â€¦,,,,,netral,,0,0,0,0,3
text,,,,,netral,,0,0,0,0,3
"Suka sekali pelayanan mie gacoan cepat untuk makanan
Apalagi bawa anak kecil
Tempat selalu rame â€¦",,,positif,positif,,,0,0,1,1,0
"sering kok kesini tiap pulang kerjaa, tp baru kali ini kecewa karna ada ulatnya, crew nya blg kalo ini remahan bawang goreng, kalo memang remahan knp ada garis' hitamnya yg berjarak? apapun di goreng bakal jadi keras termasuk ulat jadi di â€¦",negatif,,negatif,,,,2,0,2,0,0
"Biasanya emang sering gak sesuai dengan pesenan. Tapi kek yaudah karna aku selalu memaklumi, mungkin karna rame banget. Tapi orderan hari ini bener2 kecewa, Uda note ""tanpa daun bawang, bawang goreng tetep pakai"" yang Dateng gak pake bawang â€¦",,,negatif,,,,0,0,2,0,0
Beli mie gacoan dan dimsum take away kemasannya dg sterofoam. Pdhl foam tdk baik utk maknan panas. Sedangkan di jakarta dan surabaya menggunakan kardus mie gacoan sendiri. Knp bisa tdk sama sop nya antar kota yaa..,,,negatif,,,,0,0,2,0,0
"Wah keren! Gacoan bisa secanggih itu ya. Pertama kali nyobain sistem pesen via QR code, mulai dari mesen sampe pembayaran online. Jadi ga perlu capek-capek antri. Untuk rasa sih oke ya.. sesuai standar gacoan. Udah pasti enak. Anw pelayanannya juga cepet bgt, bersih juga. MantapðŸ‘ â€¦",positif,,positif,positif,,,1,0,1,1,0
"Untuk rasa mie dan dimsumnya sama seperti cabang dikota yg lain, cuma minus di fasilitas umumnya, toiletnya kurang bersih dan airnya kecil bangett. Jadi kalo ke gacoan tbtb lagi kebelet mending cari toilet umum diluar saja",netral,,,negatif,,,3,0,0,2,0
"Tempat yang baru ini lebih bagus, lebih luas, dan pastinya lebih rame. Sistemnya sudah update sehingga lebih terkoordinir, dari awal dateng akan dicatat nama dan di beri alat untuk ambil minuman dan dimsum secara self service, untuk mie nya â€¦",,,positif,positif,,,0,0,1,1,0
"Sekarang tempatnya luas, nyaman, nggak gerah karena banyak kipasnya. Pelayanannya juga termasuk cepat. Nunggu makanan siap dianter sekitar 5-6 menitan. Tempatnya juga bersih, setiap ada pengunjung yang keluar langsung dibersihkan. Mungkin saran ke depan untuk piring mienya lebih bersih lagi nyucinya yaaaðŸ™ â€¦",,,positif,negatif,,,0,0,1,2,0
"Secara mie yang disajikan ada 2 macam, ada yang gurih (mie hompimpa) ada yang manis (mie gacoan). Keduanya ada level pedas yang bisa dipilih. Strategi penjualannya menarik khususnya bagi anak muda karena harga mienya cukup ramah dikantong â€¦",netral,positif,,,,,3,1,0,0,0
"waktu kesini keadaan rame banget, antri dan bahkan waiting list. buat dapet meja harus antri 15 menit. mungkin bisa dibenahi lagi, apalagi petugas yg manggilin cust buat masuk antrian meja masi pake mikrofon ",,,negatif,negatif,,,0,0,2,2,0
"Mbak2 yang di depan ketus banget kalo ngomong. Perkara bawa minuman dan makanan anak di bawah 1 thn. Suruh di titipin. Ya masak anak belum 1 thn harus makan gacoan. Gajadi dine in, akhirnya take away. Kecewak parahhh.. Mana parkir mobil jauh, gaboleh di depan dengan alasan banyak barang.",,,negatif,negatif,,,0,0,2,2,0
"Mienya kadang manis, kading pucet ini gimana kok tidak konsisten, apalagi mienya bergumpal, sangat kecewa",negatif,,,,,,2,0,0,0,0
"Lokasi baru di Kota Jember setelah sebelumnya yang berada di jalan Sumatra. Disini lebih besar dan luas tempatnya. Begitu juga parkir kendaraannya, tapi tetap masih untuk roda 2 saja, untuk roda 4 cari sendiri di bahu jalan. Selalu ramai â€¦",,,,negatif,,,0,0,0,2,0
"rasanya lebih enak daripada yg sebelumnya, dipertahankan..
layanan menggunakan sistem baru dan cukup efektif, cepet juga, toilet bersih, suasana sangat ramai pengunjungnya padahal udah tengah malam.. parkit motor cukup luas, parkir mobil agak sempit karena dipinggir jalan..",positif,,positif,negatif,,,1,0,1,2,0
"Pelayanan sangat ramah, kakak"" disini asik semua..
I lop gacoan",,,positif,,,,0,0,1,0,0
"pelayanan ramah,makanan datang tepat waktu tempatnya bersih intinya ramahh dehhðŸ¤­ðŸ¤­ â€¦",,,positif,positif,,,0,0,1,1,0
Makanannya enak cuma nunggunya agak lama mungkin karna banyaknya pengunjung ðŸ¥° tapi bisa dimaklumi lah ðŸ¥° â€¦,positif,,negatif,,,,1,0,2,0,0
Tempatnya nyaman untuk makan bersama teman teman. Menu makanannya enak.,positif,,,positif,,,1,0,0,1,0
"Pelayanan ramah, cepat, cuma piringnya agak berminyak selebihnya uda the best bgt ! ðŸŒŸ â€¦",,,positif,negatif,,,0,0,1,2,0
Best bangett. Kakak kakaknya ramah dan friendly bgtt. Pelayanan cepat dan makanannya enak bgt. Bisa bgt dijadikan tempat kumpul dengan teman teman âœ¨,positif,,positif,positif,,,1,0,1,1,0
"Tempatnya oke, makanan dan minumannya juga oke seperti biasa. Bumbunya makin medok, jadi enak di lidah. Pelayanan nya ramah dan gercep",positif,,positif,netral,,,1,0,1,3,0
"Salah satu tempat makan yang menjual jenis makanan mie pedas dan aneka dimsum yang enak. Suasana happy dan menyenangkan, lalu dilengkapi dengan area bermain untuk anak-anak. Area parkir luas dan nyaman. Pelayanan ramah dan ada musholla yang â€¦",positif,,positif,positif,,,1,0,1,1,0
"Saya semalem makan di gacoan pesan level 1 tetapi yang datang malah melebihi level 1 cabainya terlalu banyak ðŸ¥²
Abis itu yang dianterin malah mienya dulu, minum nya belakang.. yaa kalo gitu â€¦",netral,,negatif,,,,3,0,2,0,0
"Tempatnya sih ok banget, karna baru dan luas. Cuman knp pelayanan dine in nya jadi NO BANGET! Luama kali minuman dan dimsumnya, cuma mi nya doang yang cepet. Lah dikira bisa makan pedes2 gausa minum?ðŸ¤¯ Tolong yaa diperbaiki sistemnya, karna ojol2 cepet bangett malah yg dine in terlupakan welll â€¦",,,negatif,positif,,,0,0,2,1,0
"Saya beli mie gacoan level 3, enak tapi rasanya agak mirip indomie. Lebih suka rasa yang dulu saat gacoan masih di jalan sumatraðŸ‘€ðŸ™ðŸ» â€¦",negatif,,,,,,2,0,0,0,0
Kak aku kasi bintang 1000000 deh untuk gacoan yang sekarang apalgi soal pelayanan kek ramah bngt gercep ngebantuin luas juga tempatnyaaaaa terus kakak kakaknya juga seru dan lucuuuuu  tadii di bantuuuuuuuuuuuuu buat pesennnyaaaaaaaaðŸ™ðŸ¥°ðŸ˜˜ â€¦,,,positif,positif,,,0,0,1,1,0
"Pangsit nya bau asap dan agak sangit rasanya, seperti biasa presenter nya yg cowo minus pelayanan",negatif,,negatif,,,,2,0,2,0,0
"Akhirnya bintang sempurna gacoann jemberr the bestðŸ˜ðŸ˜ peningkatan luar biasaðŸ‘ðŸ»ðŸ‘ðŸ»
- PELAYANAN CEPAT 25 MENIT SAMA NGASIRðŸ’¯
- TEMPAT DUDUK BANYAK LUAS SEKALI PARKIR GAPERLU RIBET KYAK DLUU YG DI JALAN â€¦",,,positif,positif,,,0,0,1,1,0
"Aneh, sebelah dimsum bunyi alarmnya.... Dan gak lama 10 menitan Dateng mie nya sedangkan aku nunggu 30 menit dari jam 18.07 sampai 18.43 gak Dateng Dateng mie nya. Pas Komplen ternyata baru dibikinin, berarti dari tadi punyaku kemana yg â€¦",,,negatif,,,,0,0,2,0,0
"Cocok buat tempat ngumpul sama temen, suasana nya nyaman pelayanan cepat dan ramah. Untuk take awaynya cepat jadi dan juga kakak kakaknya ramah banget",,,positif,positif,,,0,0,1,1,0
"memesan tidak perlu antri ke kasir, harga yang terjangkau tapi sangat work it, the best memang gacoan gapernah bosen ðŸ¤©ðŸ¤© â€¦",,positif,positif,,,,0,1,1,0,0
"makan enak dan pelayanannya baik, datangnya cepat",positif,,positif,,,,1,0,1,0,0
"Pengalaman Saya.
Saya Bersama Istri Dan 2 Orang Anak ( Balita Usia 2 Tahun 11 Bulan Dan Remaja Usia 10 Tahun ) â€¦",,,,,netral,,0,0,0,0,3
"Makanannya enakÂ² aja, cuma gak kuat bgt lamanya. Sampe sini jam 19.00, smpe jam 20.11 makanan belum juga dateng.
Masih ada nunggu kursi, nunggu minuman, nunggu dimsumnya dan trakhir nunggu â€¦",positif,,negatif,,,,1,0,2,0,0
"Selain menunya enak dan harga terjangkau, pelayanannya juga baik. Pegawainya super ramah dan tempatnya juga sangat nyaman.",positif,positif,positif,positif,,,1,1,1,1,0
"enaaak syuka banget selalu ke gacoan walaupun antri tapi pelayanannya ga lama banget, masih bisa ditunggu laah. my favorite aku banget pokoknhaðŸ¥°â¤ï¸ â€¦",,,positif,,,,0,0,1,0,0
"Suka bgt sama mie dan udang rambutannya, pelayannya ramah, terimakasih",positif,,positif,,,,1,0,1,0,0
"tanpa antri pesan berdiri, tinggal duduk, scan barcode, pilih menu, langsung payment cashless, tempat luas parkiranpun juga luas.",netral,,positif,positif,,,3,0,1,1,0
Mie nya enak bgt.tempatnya nyaman mushollanya bgus bersih bgt.pokoknya gk nyesel mampir gacoan jember,positif,,,positif,,,1,0,0,1,0
"Tempat yang sangat nyaman, dengan pelayanan yang baik, dengan harga yang terjangkau dan Rasa yang super enak banget",positif,positif,positif,positif,,,1,1,1,1,0
"pelayanannya cepat, meskipun rame bgt tapi ga lama nunggu nya",,,positif,,,,0,0,1,0,0
"Manager storemya tidak profesioal dalam menangani pelanggan hari  ini  tgl 20 des 2025, makanan tidak diterima pelanggan karena struk dari tidak kasih di kasih karena online, giliran di protes kasir oke tapi muka manager dan bagian makanan cemberut judes",,,negatif,,,,0,0,2,0,0
sungkemmmmmm dulu sama gcoan jember se enak itu se nyaman itu se care itu pelayanan okee bngt ini si ter dabestttttt tempatnya makanannya pelayanannyaaaaaa gongg bagtt udahhhhh ðŸ˜ðŸ˜ðŸ˜ðŸ˜ðŸ˜ðŸ˜ðŸ˜ðŸ˜â¤ï¸â¤ï¸âœ¨ï¸ðŸ˜ â€¦,positif,,positif,positif,,,1,0,1,1,0
"#gacoangariskeras
#cintagacoan
Rasanyaaaa melayang rekkkkkkkkk duhh pedesnya nampolllll mienya gurih â€¦",positif,,,,,,1,0,0,0,0
Udah beberapa kali makan gacoan tapi baru kali ini selama ini nunggunya. Udah ditempatin di kursi paling belakang deket kamar mandi dan tempat sampah sedangkan masih banyak bangku kosong. Padahal lagi ga rame-rame banget tapi mienya lama â€¦,,,negatif,negatif,,,0,0,2,2,0
Yang mau ke sini siap siapin perut kosong soalnyaaa makanannya enak semuaaaaaaaaa dan pelayanannya ramah ramahh dan 1 lagiii tempatnya luassss bngttt dan selalu nyamann sama servicenyaaaa,positif,,positif,positif,,,1,0,1,1,0
"Salah satu warung makanan mie yang paling populer di Jember, dengan lokasi yang cukup strategis karena dekat dengan beberapa kampus. â€¦",,,,positif,,,0,0,0,1,0
"Sangat puas dengan pelayanannya, & tempatnya nyaman buat santay"" dengan teman ataupun keluargaðŸ™‚ðŸ¤© â€¦",,,positif,positif,,,0,0,1,1,0
"Makanannya enak, pelayanan cepat, bersih, terjangkau rekomen",positif,positif,positif,positif,,,1,1,1,1,0
"Gacoan ga pernah salah si, bagi ku masih enak banget dan khas. Lebih suka juga sistem yg sekarang, datang, waiting list, pesen lewat barcode di meja, tinggal pilih pembayaran qris/ke kasir, udah deh tinggal nunggu pesanan diantar. Untuk â€¦",positif,,positif,,,,1,0,1,0,0
Pelayanannya cepat tempat luas dan makanannyaa enak enak bangetttt murah lagiiii rekomendasi dehhhhhh,positif,positif,positif,positif,,,1,1,1,1,0
"psen mie g1 + g0 bumbu basicnya kurang, rasa mie nya hambar, utk jm sgni seharusnya ga terlalu riweh ngelayaninnya apalagi psti jam anak closing mau pulang msa iya rasa mie nya hambar, tolong dong utk AM/SM anak noodle nya dibenerin lagi â€¦",negatif,,negatif,,,,2,0,2,0,0
Pelayannya ramah banget ini tempat makan yang rame tapi tetep mentingin estimasi jadiii suka bngt dan akan balik lagi gercep bngt mas masnyaaa ngelayanin,positif,,positif,netral,,,1,0,1,3,0
Mie gacoan Jember dengan bangunan dan suasana yang baru. Tempat lebih luas dengan sistem pemesanan di meja. Sayangnya jarak waktu antara minuman datang dengan makanan datang sangat sangat lama. Pelayanan bisa ditingkatkan,,,negatif,positif,,,0,0,2,1,0
"Untuk mienya sih enak enak aja
Tapi sekarang untuk siomay gorengan berubah yaa gak pake kulit pangsit lagi???soalnya agak keras gitu kalo di gigit gak kayak biasanya dan untuk isiannya â€¦",negatif,,,,,,2,0,0,0,0
"Makanan enak, tempatnya makin luas daripada yang di sumatra duluu, sippp",positif,,,positif,,,1,0,0,1,0
"tempatnya bagus, luas. tapi kalau lagi rame kadang tempat duduknya pun kosong, harus nunggu. mienya enak, smuanya enak sih dengan harga 10k an. parkir motor 2k, gojek 1k. parkir sudah pake kaya di roxy, pelayanan oke, antri tidak lama. â€¦",positif,positif,positif,positif,,,1,1,1,1,0
Wort it. Rasa sama dg yg di teuku umar barat - denpasarðŸ«  â€¦,netral,,,,,,3,0,0,0,0
"Pelayanannya ramah,tempatnya sangat luas makanannya enak",positif,,positif,positif,,,1,0,1,1,0
"semakin lama pelayanannya semakin cepat, tidak terlalu ramai, dan selalu enak",,,positif,,,,0,0,1,0,0
"Tempat ini tuh ga pernah sepi, tapi emang pelayanannya keren dan masakannya sip bgt sih. Kemarin rombongan 14 orang bingung tempat duduk, tapi diberikan solusi biar kami bisa makan bersama. Win win solution sih, hehe. Mas2 dan mbak2 pramusajinya juga ramah bet, boleh gebet satu? Hahah, bercanda.",,,positif,netral,,,0,0,1,3,0
"suka banget sama tempatnya, bersih, nyaman dan lebih luas dari sebelumnya, good job, semoga tambah rame dengan adanya perubahan baru",,,,positif,,,0,0,0,1,0
Gacoan Level 2 + udang keju hmmmm inaaaaaqqqq ðŸ‘ŒðŸ»ðŸ‘ŒðŸ»ðŸ‘ŒðŸ» â€¦,positif,,,,,,1,0,0,0,0
"Parkir, tempat duduk dan ringan makan ditempat ok. Pakai ojol bisa.",,,netral,netral,,,0,0,3,3,0
"Suasana nyaman sekali, pelayanannya juga ramah apalagi mbak mbak bagian jaga didepan selalu tersenyum namanya mbak iklimatus, semangat terimakasih gacoan Jember",,,positif,positif,,,0,0,1,1,0
"Sekedar saran saja, alangkah baiknya jika penempatan sumpit tidak di bagian belakang tubuh dekat pantat. Meski sudah di bungkus dgn plastik sumpit, tp agak kurang enak di pandanh bagi beberapa customer. Krn itu alat makan bukan tisu/lap. Terimakasih",,,,negatif,,,0,0,0,2,0
"Semuanya enak terbukti dr parkir, antrian & meja selalu penuh.

kalo kita dh selesai makan hrs cpt"" pergi yaa Krn bnyk yg mau ganti meja. JD hrs â€¦",,,positif,positif,,,0,0,1,1,0
"Tempat yg sekarang jauh lebih luas parkirannya juga luas sekali, untuk rasanya masih sama seperti dicabang yg lama, hanya saja memang menunggu pesannya agak lama meskipun dine in biasanya minuman dan dimsum keluar lebih dulu lalu mienya â€¦",netral,,negatif,positif,,,3,0,2,1,0
"pelayanan cepat, petugas melayani dengan ramah dan sabar padahal tadi antri banget. nunggunya juga engga terlalu lama. mie nya enaak soo yummy^^ â€¦",positif,,positif,,,,1,0,1,0,0
"Parkiran cukup sulit, tapi kang parkir siap sedia. jadi cukup aman, hanya perlu kesabaran lebih. â€¦",,,positif,negatif,,,0,0,1,2,0
"asinn bgt plis btw tu mie saya cuma dimakan dua suap ya mbak kalok ga percaya liat aja noh cctv dan pesannya yg LV 4 bukan LV 1 salah LV ya pasti yg diawal haha, masalah komplen karna mienya asin terus ditanya knp ga dari awal? knp kok baru â€¦",negatif,,negatif,,,,2,0,2,0,0
"Tempatnya lebih luas,pelayanan baik...tidak pernah mengecewakan selalu bikin ketagihan",,,positif,positif,,,0,0,1,1,0
"tempatnya nyaman, bersih, pelayanan oke, 10/10",,,positif,positif,,,0,0,1,1,0
"Tempatnya lebih luas,bersih pelayanannya ramah, pelayanannya cepet meskipun antriannya pajang bangett",,,positif,positif,,,0,0,1,1,0
"Toiletnya ga bersih, sementara waktu tunggu yg lama kdng bikin kita Harus ke toilet yg aaauuuh ah....",,,negatif,negatif,,,0,0,2,2,0
"Servicenya bagus bangett, makanan sampe ga terlalu lama kl lagi rame juga ga sampe berjam jam beda sm outlet lain sejauh ini. kalo dipake sekalian buat nongkrong pas malem ke pagi sekitar jam 12 keatas nyaman banget karena ga terlalu rame",,,positif,positif,,,0,0,1,1,0
Saya suka makan di gacoan karena murah dan enak bangetttzzðŸ¥°ðŸ¥° â€¦,positif,positif,,,,,1,1,0,0,0
"Pindah ke sini malah makin lama pelayanan, pesen udah 30 menit makanan belum dateng. Meja yg dateng belakangan malah didahuluin.
Pesenan udah pake nomer meja, tapi masih perlu nunjukkin struk pembayaran. Kalo â€¦",,,negatif,,,,0,0,2,0,0
"pelayanan cepat, pelayan ramahðŸ«¶ðŸ» â€¦",,,positif,,,,0,0,1,0,0
tolong dong untuk karyawannya dalam menyiapkan pesanan di perhatikan baik baik dan di cek ulang apa sudah benar pesanannya. tadi beli udang keju 2 porsi take away masa di kasihnya udang rambutan sedih banget padahal jauh jauh beli pengen udang keju malah di kasihnya udang rambutan ðŸ™‚ðŸ™ðŸ» â€¦,,,positif,,,,0,0,1,0,0
"Makannya bikin nagih pool. Enak banget..
Pelayanannya ramah banget apalagi yang namanya mas adit baik dan sopan banget terimakasih mas adit",positif,,positif,,,,1,0,1,0,0
"semalam saya pesan via ojol, pesanan tidak sesuai dengan struk pembelian, saya sudah sering alami hal ini, karyawan gacoan tidak teliti, tolong setiap pesanan di cek lagi sebelum di kirim via ojol. Karyawan bagian Quality Control harus â€¦",,,negatif,,,,0,0,2,0,0
"Tempatnya nyaman, bagus, luas, & bersih. makannya enak2 semua, minumannya jg mantap.",positif,,,positif,,,1,0,0,1,0
"Makanan enak, Antri ga terlalu ramai, Parkiran juga luass",positif,,positif,positif,,,1,0,1,1,0
mie nya si enak tapi layanannya kurang waktu take away nama nya riskia pas dipanggil riska mana dipanggilnya 3x tetep riska,positif,,negatif,,,,1,0,2,0,0
"Tempatnya luas, suasana nyaman, cocok untuk keluarga.",,,,positif,,,0,0,0,1,0
"tempat baru lebih luas dan nyaman, pelayanan baik, pesanan cepat jika tidak ramai, cenderung ramai",,,positif,positif,,,0,0,1,1,0
Bersih tempat nyaman parkir aman nyaman baik R2/R4,,,,positif,,,0,0,0,1,0
"Tempat cukup enak untuk nongkrong, harga mie terjangkau dan enak",positif,positif,,positif,,,1,1,0,1,0
"Mantap banget, tempatnya juga lebih baguss cocok untuk tempat kumpul sama temen",,,,positif,,,0,0,0,1,0
makanan enak pelayanannya ramah,positif,,positif,,,,1,0,1,0,0
pelayanannyaaaa bagussssss bngt enakk ramahhhh bestt gacoann besttðŸ¥³ðŸ’—ðŸ’—ðŸ’—ðŸ’—ðŸ’—ðŸ’—ðŸ’—ðŸ’—ðŸ’—ðŸ˜ðŸ˜ðŸ˜ðŸ˜ðŸ’—ðŸ’—ðŸ’—ðŸ’—ðŸ’— â€¦,,,positif,,,,0,0,1,0,0
Pelayanan nya oke banget rasanya mantap selalu konsisten cocok untuk bareng2 sma kluarga yang bingung mau makan dimana,positif,,positif,,,,1,0,1,0,0
"Yg aku sukai: bisnis memanusiakan karyawan karena minuman dan dimsum diambil sendiri oleh tamu semoga nanti mie nya juga ambil sendiri sedangkan karyawan fokus ke kebersihan area aja, semoga karyawannya dikasi mess sederhana kek tenda atau â€¦",,,positif,,,,0,0,1,0,0
"Tempat yang sekarang lebih lebar, jadi bisa menampung pembeli lebih banyak, dan mengurangi antrian yang mengular",,,,netral,,,0,0,0,3,0
GONG BANGET GACOAN JEMBER INI SEMENTARA MEMEGANG KASTA GACOAN TERBAIK SEJAUH INIIIII BESTT BBGT DI ANTARA GACOAN YANGG LAINNNN KEK TEMPAT  BAGUS MAKANAN ENAKKK PELAYANAN OKEEEEEEEEEE,positif,,positif,positif,,,1,0,1,1,0
"Makan disini waktu ada crew baru yang di bagian arahin meja. Buat mas mas tukang arahin meja ini, emang boleh ya kerja sambil makan? Lagi ngomong sama customer tapi mulutnya kunyah kunyah permen. Kaya kurang sopannðŸ˜­ðŸ˜­ â€¦",,,negatif,,,,0,0,2,0,0
"Makanan nya enak dan lezat poll, tempat nya nyaman dan luas",positif,,,positif,,,1,0,0,1,0
"Waahh parah bangett sih klo bicara soal mie pedes""an di Jember, gaasss ajalah Mie Gacoan, dah penyajian gapake lama, tempat bersih(plusnya instagramable poollll) hmm apalagi menu Mie sama Dimsumnya, se-Like ituuu... ðŸ¤© â€¦",positif,,positif,positif,,,1,0,1,1,0
"udh sring bgt ke gacoan yg lama, tp ini first time ke gacoan yg baru di jl pb Sudirman. tempatnya makin luas, trs waiters nya ramah bgt, sopan santun + gercepp bantu. mulai dari di gacoan yg lama smpe pindah tempat ini baru smpet tnya namanya, namanya kak teguh",,,positif,positif,,,0,0,1,1,0
"Semakin kesini pelayanannya semakin berkurang. Kebersihan makanannya kurang dijaga. Saya tadi pesan es teklek, dan ternyata didalamnya ada binatang nya. Mana minumannya udah hampir habis. Andai tau dari awal kalau minumannya ada â€¦",negatif,,negatif,negatif,,,2,0,2,2,0
"suasanya nyaman, makanannya enak, mantap pko nya dee-!! bintang 5â­â­â­â­â­",positif,,,positif,,,1,0,0,1,0
"the Bess bangett, pelayanannya ramah baik cepat bngtt, sukakkk dehh",,,positif,,,,0,0,1,0,0
"Kalau untuk makanan sama layanannya sudah oke, mungkin tempatnya saya yg kurang diperluas agar customer yg mengantri bisa sambil duduk ðŸ‘ðŸ‘
Mungkin boleh tambah kipas angin â€¦",netral,,netral,negatif,,,3,0,3,2,0
"Murah, rasa worth sesuai harganya. Beli paketan biar lebih murah dan dpt banyak. Karena self service, terkadang meja msh kotor krn di lap apa adanya.",positif,positif,,negatif,,,1,1,0,2,0
Pelayanan cepat. Rasanya tetep enak. Size dimsumnya gede. Kebersihan terjaga,positif,,positif,positif,,,1,0,1,1,0
Makanan dan Minuman di Gacoan Enak Sekali. Pelayanannya memuaskan. Cuman Toiletnya saja kurang nyaman. Saya Training Kerja sebagai FL disini sudah 2 Bulan.an,positif,,positif,negatif,,,1,0,1,2,0
"untuk makanan yg gacoan sekarang makin pucet dan rasany berubah. waktu tunggu apalgi, sepi aja 20 menit kalau rame lebih dari itu. setiap d komplain malah nantangin balik kan kocakðŸ‘ðŸ‘ â€¦",negatif,,negatif,,,,2,0,2,0,0
"Sangat recomended bagi penggemar mie pedas, harga yang sangat terjangkau dan cocok bagi anak kuliahan. â€¦",positif,positif,,,,,1,1,0,0,0
"Mienya enak, pelayanan ramah dan cepat",positif,,positif,,,,1,0,1,0,0
"Sangat memuaskan dan eksotis,harga bersahabat dan sesuai dengan remaja bahkan orang dewasa sekali pun,bisa memesan tempat untuk orang banyak dan melayani dengan sepenuh hati,pelayanan dan menu sangat bervarian sesuai keinginan",positif,positif,positif,,,,1,1,1,0,0
"Baru pertama ke GACOAN Jember
rame sekalii
Untuk rasa semua gacoan sama ya â€¦",netral,,,netral,,,3,0,0,3,0
"Peningkatan banget semuanya. Dari segi pelayanan, dari segi tempatnya. best pokoknya. Jadi lebih efisien. Cuma agak panas aja, diikiiitt ðŸ˜ â€¦",,,positif,negatif,,,0,0,1,2,0
"tempat bersih,nyaman,rapi
kamar mandi bersih harum
makanan enak bersih
pelayanan baik,ramah",positif,,positif,positif,,,1,0,1,1,0
"Pelayanan yg sangat buruukkk sekali, masak garaÂ² struk hilang mknan gk blh keluar sih ðŸ˜‘
Kapok kl ksni jga â€¦",,,negatif,,,,0,0,2,0,0
"makanannya enak, saya coba dimsum dan mie nya enak dan bersih.untuk pelayanannya walaupun ramai tapi gaperlu khawatir ga dpt meja krna psti dicariin. kalo untuk suasananya menurut saya kurang, karena jarak antar mejanya lumayan dekat ",positif,,positif,negatif,,,1,0,1,2,0
Segala tata cara di semua cabang seluruh Indonesia sama... Tertib dan serba teratur. Area tempat makan luas begitu juga tempat parkir. Buka 24 jam ðŸ‘ðŸ‘ â€¦,,,positif,positif,,,0,0,1,1,0
enakk wort it dengan harga pelajarrr wajib repeat,,positif,,,,,0,1,0,0,0
pesanannya salah. padahal pesen udang rambutan malah udang keju yang dateng,netral,,negatif,,,,3,0,2,0,0
"Makanannya enak dan tentunya porsinya banyak untuk mie harga 10rb selalu bikin kenyang, teh tarik nya juga mantap betul. Pelayanannya oke dan pesanan cepat datangðŸ˜‹ â€¦",positif,positif,positif,,,,1,1,1,0,0
"selalu pesen mie gacoan lv 1, tp kali ini pedes banget. kayaknya salah naruh pesanan. jatuhnya ga kemakan",negatif,,negatif,,,,2,0,2,0,0
Enak... lezat....mantap pokok nya,positif,,,,,,1,0,0,0,0
"rasanya enak, pelayanan cepat",positif,,positif,,,,1,0,1,0,0
"minimal kalau mau buka tu siap dari segi manapun, masak toilet perbaikan semua, harusnya kalo emang perbaikan ya ga harus bareng minimal 1 ttep bisa di pake, banyak customer udah sampai pada kebelet toilet perbaikan smua kocak, nutup dulu kalo emang belum siap buka, kalo udah siap dr segi manapun baru BUKA!",,,,negatif,,,0,0,0,2,0
Gila enak banget gacoan sampai habis banyakkk ðŸ˜‹ðŸ˜‹ â€¦,positif,,,,,,1,0,0,0,0
"Pelayanan bagus,mie favorit ga pernah bosen kalo ke gacoan",positif,,positif,,,,1,0,1,0,0
"suasana nyaa enakk, makannya jugaaa enakk, ga perlu raguu lagii buat kesinii",positif,,,positif,,,1,0,0,1,0
wadah makan mie ada bercak dan seperti sisa makanan orang sebelumnya dan porsi saya tidak diberikan kerupuk pangsit yang kecil-kecil.,negatif,,,negatif,,,2,0,0,2,0
"Saya order lewat grab gacoan level2 , yg datang level 5 cabenya numpuk banget, gak bisa di makan mubazir
Tolong untuk karyawan semngat lebih hati2 lagi yaðŸ™ðŸ™ðŸ™ â€¦",,,negatif,,,,0,0,2,0,0
makanannya enak pelayanannya ramah like deh,positif,,positif,,,,1,0,1,0,0
Suasana nyaman dengan di balut dengan model desain tempat yang menarik bagus untuk kalangan muda yang suka selfi untuk upload di media sosial untuk menu makanan yang enak dengan harga yang pas untuk mahasiswa dan umum menjadikan mie gachoan ini pilihan terbaik untuk makan atau hangout bersama keluarga atau pasangan,positif,positif,,positif,,,1,1,0,1,0
Tempat yg baru leboh luas tempatnya nyaman dan buka 24jam ðŸ¥° â€¦,,,positif,positif,,,0,0,1,1,0
"sangat seru pergi dg sahabat, makanannya enak enak mantap jos",positif,,,,,,1,0,0,0,0
"Wenakkk, tempatnya nyaman syekali",,,,positif,,,0,0,0,1,0
Awal pernah beli dimsum nya kurang mateng tp kmaren sempet komplain dan dilayani dengan antusias krn minta dimsum yang anget tkt gk mateng lg â€¦,negatif,,positif,,,,2,0,1,0,0
"Mie nya trll kematengan, jd agak lembek. Tapi rasanya tetep enak, dimsumnya juga fressshhhh enaakk. Bersih, karyawannya grecep buat bersihiin tempat stlh pelanggan pergi. Makanan dateng juga lumayan cepet, semoga pelanggan lain bisa bersihiin atau minimal tumpuk tengah sisa piring makannya biar mempermudah karywannya kerjaðŸ¥° â€¦",negatif,,positif,,,,2,0,1,0,0
"Sukaa bgt sama gacoan yang baruuu,pelayanan cepat, tempat bersihh akan selalu langganann",,,positif,positif,,,0,0,1,1,0
Pesan mie gacoan level 3 tapi pedasnya serasa level 5. Pedasnya benerâ€ gak terkontrol. Sebelumnya pernah pesen level 3 tapi gk sepedes ini. Cabenya benerâ€ banyak smpek tumpeâ€,negatif,,,,,,2,0,0,0,0
"setelah sekian lama, gacoan berpindah ke tempat yg lebih luas
sama dengan gacoan di kota lain, tempatnya luas, memang agak sedikit panas dan ketika pesenan selesai, nama yg dipanggil kurang kedengaran jelas, saran untuk â€¦",,,,negatif,,,0,0,0,2,0
"Sebagai pecinta mie, mie gacoan jadi salah tau comfort food sih. Apalagi kalo pesen lewat ojol jadi ga perlu repot antri di tempat. Menu andalan yang dipesen, mie hompimpa level 6, es milo, sama siomay ayam. Es milo nya juaraaa â¤ï¸, salah â€¦",positif,,positif,positif,,,1,0,1,1,0
Pelayanannya satset bangettttttt dan untuk tempatnya jugaaa luas bersih enak deh pokoknyaa,,,positif,positif,,,0,0,1,1,0
"pelayanan lama, tidak ada kejelasan dari pelayan atas keterlambatan dan kesalahan di dapur.
sedangkan pelanggan lain tidak butuh waktu lama.",,,negatif,,,,0,0,2,0,0
Mie Gacoan Jember setiap hari ramai dikunjungi pelanggan dan tidak pernah sepi sama sekali. Banyak pilihan menu yang tersedia di sini harganya pun bervariasi. Teruntuk anakÂ² kos sangat cocok makan di sini karena menunya yang terbilang pas â€¦,positif,positif,,positif,,,1,1,0,1,0
"Good serviceee, meskipun antri banget makanannya datengnya ngga terlalu lamaa, mie sama dimsumnya juga datengnya masih angett, love pokoknyaaa ðŸ«°ðŸ¼ðŸ«°ðŸ¼ðŸ«°ðŸ¼ðŸ«°ðŸ¼ â€¦",positif,,positif,,,,1,0,1,0,0
"Haduh haduh, makin lama pelayanan di gacoan jember makin ngacooooo, (kejadian semalem) mieny dateng dluan, trs selang setengah jam dimsum (itupun self service). Trs aku tanya minumannya gmn udh serettt, ee suruh nunggu lagi, sampe tu mie â€¦",,,negatif,,,,0,0,2,0,0
"Pelayanan nya ramahh
Rasanya enak",positif,,positif,,,,1,0,1,0,0
"Kak..tolong tertibkan parkir mobil
krn parkirnya narget 5rb..kl g dikasih segitu marah2",,negatif,,,,,0,2,0,0,0
"Bagus makanannya enak nyaman terjangkau.
Pelayanannya bagus banget apalagi moch sholihin",positif,positif,positif,,,,1,1,1,0,0
Enak banget pelayanan cepatðŸ˜ â€¦,,,positif,,,,0,0,1,0,0
"Tempatnya nyaman,  parkir luas, makanannya enakkk
Pelayanan juga ramah",positif,,positif,positif,,,1,0,1,1,0
"Tempatnya makin luas dan bagus, cuma sekedar saran untuk pelayanan lebih ditingkatkan lagi dan rasa mie lebih konsisten lagi",negatif,,negatif,positif,,,2,0,2,1,0
"seruu bngtt luass jauh lebih luas daripada yg lamaa, trus makanannya jg lebih cepet datengnyaâœ‹ðŸ»ðŸ˜†ðŸ¤ðŸ¤ â€¦",,,positif,positif,,,0,0,1,1,0
"Tempatnya semakin luas, nyaman, kebersihan dijaga.",,,,positif,,,0,0,0,1,0
Pelayanannya bagus mienya enak,positif,,positif,,,,1,0,1,0,0
"makanannya enak, layanannya okee dan suasananya cukup santai lahh. sippp pokoknya",positif,,positif,positif,,,1,0,1,1,0
"Untuk makanan, enak semua apalagi mie gacoan, sama siomay ayam nyaa
Untuk pelayanan nya ramah2 juga. Jdi enak kalo mau tanya2.
Untuk tempat mungkin karna rame ya. Jdi masih agak sempit,",positif,,positif,negatif,,,1,0,1,2,0
"makananku ada rambut keriting pendek keras pulaðŸ˜­ kyk bulu ketek kata temenku, emg iya siðŸ˜” sampe mikir ini karyawannya ngapain aja ga pake baju kah? kok bisa sebuah bulu ini disajikan dihadapanku. nangisss â€¦",negatif,,negatif,,,,2,0,2,0,0
"Ada 3 varian menu mie, dan enak semua,  pelayanan bagus, tempat luas. Urusan parkir tidak perlu khawatir, ada kang parkir yang sat set mengatur tempat parkir.",positif,,positif,positif,,,1,0,1,1,0
"Sangat suka dengan pelayanan nya, makanan nya enak + pelayanan nya ramah
Saya mendapatkan nomer meja dengan cepat",positif,,positif,,,,1,0,1,0,0
"Gacoan jember resto baru the best, bener2 konsisten pelayannya cepat dan bagus apalagi MAS RAGIL, super duper ramah, baru dateng langsung dapet kursi, sekarang bisa pesan dimeja gaperlu antri berdiri dikasir lebih nyaman
Sukses gacoan jember",,,positif,positif,,,0,0,1,1,0
"Pelayanann cepet,ramahh sekaliii sukaaa bangetttt",,,positif,,,,0,0,1,0,0
"dari pesen nunggu sejam tibaâ€ di batalin. kmren beli langsung, udah efforts antri lama, KALAH SAMA YG PUNYA KENALAN DI GACOAN, DI PESENIN LEWAT PEGAWAINYA. kasian yg antri lama sii",,,negatif,,,,0,0,2,0,0
bumbu mienya menurutku makin enak yang sekarang + hoki banget hari ini gak nunggu atay antri begitu lama. pelayanan bintang lima sama waiternya cakep-cakep dan bersih. penyajian juga bersih jadi enak dan betah,positif,,positif,positif,,,1,0,1,1,0
"Sumpahh kamar mandinya airnya kumuh udah airnya kecil,mau cebok bingung ðŸ˜©
pas makan gabisa lupa kebayangâ€ sm kamar mandinya
TOLONG KAMAR MANDINYA DIPERHATIKAN LAGI,jadi gak mood makanðŸ˜­ â€¦",,,,negatif,,,0,0,0,2,0
"pelayanan oke cuma saran maknannya ditambah bumbunya karena menurut sama mienya rasanya hambar tidak ada rasa tidak seperti yang dulu,",negatif,,netral,,,,2,0,3,0,0
"Mie dengan rasa yang realistis enaknya bagi customer yang fanatik, untuk harga cukup relevan, dan untuk Suasana siang sampai malem lingkup yang tenang asri se akan""  bisa menyatu dengan alam dengan area sekitar yang teriringi pepohonan yang â€¦",positif,positif,,positif,,,1,1,0,1,0
"Untuk makanannya enak, pas di lidah, dan lezat. Untuk pelayanannya cepetðŸ‘ðŸ‘ â€¦",positif,,positif,,,,1,0,1,0,0
"Mbak"" yang melayani pengambilan minuman dan dimsum tidak ramah , minta saos soalnya kurang beli dimsum nya 5 dikasi saos cuma 1 ,minta lagi di kasih 1 dengan ekspresi yg tidak mengenakkan ðŸ™ mohon di perbaiki soalnya kerja di pelayanan jadi harus ramah â€¦",,,negatif,,,,0,0,2,0,0
Pelayanan bagus banget dan makanan nya enak banget,positif,,positif,,,,1,0,1,0,0
"sangat recomended bagi penggemar mie pedas, harga yang sangat terjangkau dan cocok bagi anak anak kuliahan yang ingin sekalian nongkrong disini â€¦",positif,positif,,,,,1,1,0,0,0
"Mienya gacoannya warna nya lebih pucat dan rasanya agak hambar, beda pas di gacoan yang lama, terus pelayanannya lama hampir sejam baru diantar padahal jam 2 pagi.",negatif,,negatif,,,,2,0,2,0,0
"pelayanannya terlalu dan selalu lama 1 jam setengah bahkan lebih wkwkwk, anehnya ruang tunggu kurang banyak tempat kurang banyak jadinya yg bungkus + ojol banyak yg berdiri atau duduk di tempat yg dine in kayak aku yg diusir pindah gara2 ada yg mau duduk disitu padahal banyak yg kosong wkwkkwkwðŸ˜‚ â€¦",,,negatif,negatif,,,0,0,2,2,0
Wah mantap rasanya mantap .. pelayanan nya juga bagus .  Sukses terus untuk mie gacoan â¤ï¸â¤ï¸â¤ï¸ðŸ¤ðŸ¼ â€¦,positif,,positif,,,,1,0,1,0,0
"pelayanannya cepat, suasananya bersih, mienya ga pelit cabe dan harga wort itðŸ¤© â€¦",positif,positif,positif,positif,,,1,1,1,1,0
"tempat luas, pelayanan cepat banget, petugasnya ramah2",,,positif,positif,,,0,0,1,1,0
"beli gacoan jam 3 dini hari niat makan makan ditempat gak boleh, setelah itu ada temen makan ditempat boleh. tolong konsisten dong, kalo gak niat buka 24 jam gaush aja. sampe makan harus ngemper di alfamart",,,negatif,,,,0,0,2,0,0
"Meskipun dari Banyuwangi harus ke Jember dulu, pelayanan dan rasa ga perlu diragukan, btw di Banyuwangi mau buka jg yeyy",positif,,positif,,,,1,0,1,0,0
"Tempat makan ini sangat recommended, pelayanannya baik, begitu pula makanannya enak",positif,,positif,positif,,,1,0,1,1,0
makanan nyaa recommend bangett buatt para pelajar jika kelaparan pulang dari sekolahh trss cocok juga buat kumpul kumpul bareng temen atau kerabat terdekat kalian,,positif,,,,,0,1,0,0,0
"as always gacoan is the best, dari segi rasa pelayanan, walau rame tapi tetep kenceng dateng makanannya, buat tempatnya bersih tapi bisa better lagi, recomendedâ€¦",positif,,positif,positif,,,1,0,1,1,0
"tempatnya luas sekali, pelayanannya ramah, makanannya worth it bangett cocok buat pelajar/mahasiswa dll, cocok buat acara reservasi",,positif,positif,positif,,,0,1,1,1,0
"nyaman deh, sistem ny udah self servis jadi ga prlu nunggu oranglain, ga kebingungan jgaaa, gatau langsung diarahkan sama karyawannya",,,positif,positif,,,0,0,1,1,0
"enak worth it kak, porsi banyak tpi saya kasi bintang 1 karena sya cpek mau ngdi bintang 5",positif,,,,,,1,0,0,0,0
"pelayanannya ramahhh bangett, sukaa bangettt. apalagi yang namanya kak teguhhh, thee besttt. makanannya enakk udangnya pun gaa berubahh. suasananya ademmm jgaa, jangan lupaa dehhh mampirrr dan cobainn sendiriii hihihi..",positif,,positif,positif,,,1,0,1,1,0
"Pelayanannya sudah baik, tidak menunggu lama, makanannya dan minuman enakk dan rekomendasi bgt untuk makan bersama teman dan keluarga ðŸ˜ðŸ˜ðŸ˜ â€¦",positif,,positif,,,,1,0,1,0,0
"Enakkk, antrinya ga lama, pesen lewat qr barcode, tunggu sebentar langsung dateng, tempatnya juga bersih ðŸ‘ðŸ»ðŸ‘ðŸ» â€¦",,,positif,positif,,,0,0,1,1,0
"Behh parah sihh, kalau bicara soal mie pedes dijember 'MIE GACOAN' tetap dihati dari pagi siang sore malem rame trsss ga ada bosennya sama nih Mie, meskipun rame tetep memberikan pelayanan yg cepat. Pelayan nya juga Sat Set ðŸ‘ðŸ‘ harganya worth it buat kantong mahasiswa ðŸ¤© cuss cobain â€¦",,positif,positif,,,,0,1,1,0,0
"Kualitas makanan baik, rasa enak, variasi menu beragam dan cukup banyak, pelayanan cepat, tempatnya luas, harga terjangkau.",positif,positif,positif,positif,,,1,1,1,1,0
"Tempatnya cozy dan aesthetic, cocok untuk semua kalangan nih. Pelayannya jugak ramah"" Menunya jugak enak"" apalagi mie gacoannya mantep poll. Sangat recommended deh pokonyaðŸ‘ â€¦",positif,,positif,positif,,,1,0,1,1,0
"waktu menunggu tidak terlalu lama, rasanya juga enak seperti biasanya, pelayanannya juga baik",positif,,positif,,,,1,0,1,0,0
"menurutku semua makanan di gacoan enakk gaada yg zonkðŸ’“ðŸ¥°
untuk sarannya tempatnya kalau bisa diperluas untuk kenyamanan customer. â€¦",positif,,,negatif,,,1,0,0,2,0
"pelayanan oke aku kasi jempol, tapi sayang di pangsitnya ada rambut",negatif,,positif,,,,2,0,1,0,0
"gabisa minta bantuin surprise,mie nya datengnya lama esnya setengah baru datang mie nya.",,,negatif,,,,0,0,2,0,0
"KLO soal makanan sma minuman sih oke semua , cuma yg aneh parkiran , hilangkan kertas biasa gaada nominal tetep 2000 malah skrng sampai 6000 , malah tukang parkirnya sok sok an , males ribet sma Tukang parkir tak langsung bayar",positif,negatif,negatif,,,,1,2,2,0,0
pelayanan sudah lumayan gercep hanya saja untuk tempat kurang luas sehingga pelanggan harus menunggu kursi kosong jika ingin makan ditempat.,,,positif,negatif,,,0,0,1,2,0
"makanannya worth it, pas untuk tingkat kepedasannya dan porsinya. untuk pelayanannya cukup ok. minus di tempatnya kurang luas dan parkirannya, mungkin bisa pindah tempat. karena peminatnya juga cukup banyak.",positif,,positif,negatif,,,1,0,1,2,0
"Enak banget, pelayanan ramah",positif,,positif,,,,1,0,1,0,0
"Pesanan kita lama dibuatnya, alasannya karena bayar pakai bca biasa trouble. Padahal kita selalu bayar pakai mbanking bca dan bisa",,,negatif,,,,0,0,2,0,0
"Pelayanan cepat dan ramah
Would be more appreciate kalo pesanan minuman bisa di less sugar
Sukses selaluuðŸ¥° â€¦",,,negatif,,,,0,0,2,0,0
"pelayanan sangat kurang baikkk
mie kita datang lama sedangkan 4 antrian di belakang kita sudah datang",,,negatif,,,,0,0,2,0,0
"Pengalaman makan di mie gacoan pelayanan ramah, mie dan dimsum nya juga selalu enak rasanya selalu pas gaada yg kurang.",positif,,positif,,,,1,0,1,0,0
MANTAAPP ENAKK SEKALIIIII BINTANG 5ðŸ«¶ðŸ»ðŸ«¶ðŸ»ðŸ«¶ðŸ» â€¦,positif,,,,,,1,0,0,0,0
pelayanan cepat trmpat nyaman,,,positif,positif,,,0,0,1,1,0
pelayanannya cepat jadi enak tidak nunggu terlalu lama dan makananya juga suka,positif,,positif,,,,1,0,1,0,0
Tukang parkir yg arogan sudah tidak di kasih karcis mobil bayar 5 RB pdahal tulisan di Baner 3000 pecat sudah itu,,negatif,negatif,,,,0,2,2,0,0
"Baru pertama kali nyobain gacoan,suka banget sama udang kejunyaa terus nunggunya nggak terlalu lama kok",positif,,positif,,,,1,0,1,0,0
"tempat favorit kalo lagi pengen makan pedes rekomen banget di gacoan, suka sama pelayanan nya juga selalu ramah",,,positif,positif,,,0,0,1,1,0
bagus pelayanannya enak juga top deh,positif,,positif,,,,1,0,1,0,0
"jos pelayanan mantap
sekali",,,positif,,,,0,0,1,0,0
Pelayanan cepet dan baikk plisssðŸ˜ â€¦,,,positif,,,,0,0,1,0,0
Pelayanan bagus kak makasih,,,positif,,,,0,0,1,0,0
"Pelayanannya cepat tidak menunggu terlalu lama, untuk seasoning kurang strong pedasnya",negatif,,positif,,,,2,0,1,0,0
"tempatnya bersih, karyawannya ramahÂ² semua, makanan dan minumannya enak dan rasanya pas dijamin bikin nagih",positif,,positif,positif,,,1,0,1,1,0
"Mie nya enak
Pengantaran cepet ga antri. Banyak",positif,,positif,,,,1,0,1,0,0
"Makin bagus, rada konsisten, pelayanan juga lebih bagus dari sebelumnya, tempatnya makin luas dan parkirannya untuk mobil juga sudah ada ðŸ˜ â€¦",,,positif,positif,,,0,0,1,1,0
"Langganan banget sebenernya.tapi makin ksini rasanya mienya kurang konsisten.
Trus skrg pesen kaya ga seusai levelnya sering bgt pesen level 2 tapi cabenya dh kaya lvl 6. â€¦",negatif,,,,,,2,0,0,0,0
"Pertama kali nyoba yang di lokasi PB Sudirman. Pas alarm bunyi kita gangerti dan ga dikasi tau sebelumnya ðŸ¥¹ mbak2 yang jaga tempat pengambilan dimsum SM es juga gaada manggil cuma lambai lambai, jadi ga keliatan. â€¦",,,negatif,,,,0,0,2,0,0
enak dan terjangkau,positif,positif,,,,,1,1,0,0,0
"Makanannya enak dan pelayanannya juga mantap, antri tidak terlalu panjang, mantapp",positif,,positif,,,,1,0,1,0,0
"Jujur saya kaget sm tekstur dari daging pangsit, udang keju, dan udang rambutnya.. Lebih kerasa kenyal""kanji dr pd dagingnya",negatif,,,,,,2,0,0,0,0
"pelayanan yang sangat baik dan cepat, karyawan ramah",,,positif,,,,0,0,1,0,0
Tempatnya nyaman pelayanan jga cepat,,,positif,positif,,,0,0,1,1,0
"Makanan dan layanan baik, masih harus waiting list terkait tempat duduk dan pesan makanan sangat antri",netral,,negatif,negatif,,,3,0,2,2,0
"Serasa makan mie sedap goreng,pangsitnya jugaa kurang enakk
Rasanya sudah berbeda tidak seperti biasanya",negatif,,,,,,2,0,0,0,0
ga perlu di raguin lagi rasanya enak. cuma harus konsisten terkait tekstur dan rasanya,positif,,,,,,1,0,0,0,0
"Sangat recomended bagi penggemar mie pedas, harga yang sangat terjangkau dan pelayanan yang sangat ramah.
Cocok bagi anak-anak kuliahan yang ingin sekalian nongkrong disini.
Mie Gacoan the Best!!",positif,positif,positif,positif,,,1,1,1,1,0
pelayanannya sangat ramah,,,positif,,,,0,0,1,0,0
"mie nya sangat enakk,rasanya gapernah berubah tetep enakkk,pedes nya nampoll,tempatnya juga nyaman bangetttðŸ’“ðŸ’“ðŸ«°ðŸ«° â€¦",positif,,,positif,,,1,0,0,1,0
"Tempat nya bersih, pelayanan nya baik dan cepat dan ramah, makanan nya enak, recomended !!",positif,,positif,positif,,,1,0,1,1,0
"Pelayanan sangat lama, kalo kurang pegawai carilah. Masak customer nungguin lama banget sampe bingung mau ngapain",,,negatif,,,,0,0,2,0,0
favorit banget tempatnya bersih pelayanannya pada murah senyum semua.tadinya bingung gmna sistemnya tapi mas2 nya ngejelasinnya sabar banget gak pernah ngecewain dah.karyawan an Ragil,,,positif,positif,,,0,0,1,1,0
"pelayanan nya baik, cepat, meja juga bersih, mie nya tetap konsisten enakkk",positif,,positif,positif,,,1,0,1,1,0
"Disini tempat nya enak adem dan pelayanan juga baik, saya sangat suka dengan tempat makan ini gacoan may favorit",,,positif,positif,,,0,0,1,1,0
"Langganan disini, suka udang kejunya",positif,,,,,,1,0,0,0,0
"Makanannya pelayanan nya itu wes muantwpp... Makanane makin wenaakk ee.. cuma tempatnya kurang luas. Karna saya tipe makan harus santai ha riweh suara ini itu, tapi gapapa karna bisa di takeway",positif,,positif,negatif,,,1,0,1,2,0
"Tempat makan andalan anak kost sih ini, selain harganya terjangkau rasanya oke tempatnya juga nyaman, luvv bgt sama udang keju nyaa ðŸ˜ â€¦",positif,positif,,positif,,,1,1,0,1,0
"Gacoan enak banget
Terima kasih udah buka 24 jam karyawannya  ramah rasa konsisten",positif,,positif,,,,1,0,1,0,0
"pelayanan lama bgt,udah 1set jam nunggu malah pesenan yg lain dateng duluan,jelas2 duluan sini ternyata ga dianter2,udah bad mood karna laper malah makin laper",,,negatif,,,,0,0,2,0,0
"Tempatnya nyaman, makanannya juga enak, pelayanan okee..",positif,,positif,positif,,,1,0,1,1,0
Pelayanan yang cepatt bersih dan ramah,,,positif,positif,,,0,0,1,1,0
Gacoan ini salah satu andalan aku banget di kota mana pun pasti yang di cari gacoan â€¦,,,,,positif,,0,0,0,0,1
"Makanan enak baik dari mie, dimsum, dan minumannya. Cuma untuk meja saat rame harus menunggu antrian meja dan makanan cukup lama.",positif,,negatif,negatif,,,1,0,2,2,0
"Tempatnya nyaman dan pelayanan the best, kualitas okee",,,positif,positif,,,0,0,1,1,0
"Hmm...
Kalau diliat dari segi restonya, boleh boleh sih ini soalnya pas awal kesini suasananya asri, banyak dedaunan, pepohonan, terus rumput sintetisnya kayak â€¦",,,,positif,,,0,0,0,1,0
Enak sih cuma antri poll harus rela jadi wkwk,positif,,negatif,,,,1,0,2,0,0
"makanannya enak"" apalagi perdimsuman nya, tempatnya juga aesthetic",positif,,,positif,,,1,0,0,1,0
"karyawan sangat ramah cantik, dan sangat baik, pelayanan sangat bagus dan cepat",,,positif,,,,0,0,1,0,0
"Pelayanannya ramahh, makanannyaa uenakk tapi kalo bisa tempatnya diperluasðŸ˜ðŸ˜ðŸ˜ â€¦",positif,,positif,negatif,,,1,0,1,2,0
Tempatnya bagus pelayanannya juga bagus suka banget sama tempatnya mie gacoan estetik banget,,,positif,positif,,,0,0,1,1,0
"SERU AJAA INI KALO BUAT RAME RAMEEE HIHIYYY, mungkin agak perluas lagi aja kali ya tempatnya wkwk biar ga nunggu nungguan",,,,negatif,,,0,0,0,2,0
"Pelayanan sangaaaaaattttt lama.
Makanan saya sdah 10 menit habis tapi minuman belom diantar.
Kapok wes, terakhir koyok e mangan neng kene ini.
Definisi makan tanpa minum.",,,negatif,,,,0,0,2,0,0
"seperti biasa harus nunggu lama,karna selalu ramai ,okee kok",,,negatif,,,,0,0,2,0,0
"layanan nya cukup cepat, makanannya best tempatnya juga bersih, pegawainya asik",positif,,positif,positif,,,1,0,1,1,0
"Baru pertama kali makan dine in. Biasanya go food. Untuknya makanannya oke, tapi untuk minumannya saya pesan es jeruk, kirain jeruk beneran. Ternyata jeruk-jerukan ðŸ˜…. ",negatif,,,,,,2,0,0,0,0
Nyaman sihhh cuma agak lama dikit di minumannya hehehehe,,,negatif,positif,,,0,0,2,1,0
"kakaknya ramah,pelayanan nya bagus ,tempatnya nyaman,pokok the best",,,positif,positif,,,0,0,1,1,0
"tolong untuk pelayannya di perhatikan pesenan pembeli. gimana ini kok ketuker. bilangnya level 1, tpi knpa malah di kasi level 2 keatas. diperhatikan yaa",,,negatif,,,,0,0,2,0,0
makanannya enak bgttt... apalagi dimsumnya the best. suasana dan layanan semua pegawainya mantaappp.,positif,,positif,positif,,,1,0,1,1,0
sumpah ada miee yaang se enak iniii udang kejunyaaa surgaaaaa sihh kek omaygattt suka banget apalagi tempatnya luas pas dateng masi sepi si pelayananyaaa ramah semuaaaaaaaa sukaaa besttttt bbgtt luvvvðŸ¤©â¤ï¸â€ðŸ”¥â¤ï¸â¤ï¸â¤ï¸â¤ï¸â¤ï¸â¤ï¸â¤ï¸â¤ï¸â¤ï¸â¤ï¸â¤ï¸â¤ï¸ â€¦,positif,,positif,positif,,,1,0,1,1,0
"mau kasih saran
kalo ada yg masih makan mas2nya jangan nyapu dlu dong ðŸ˜”
trusss mbak2 kasir klo bisa yg ramah.. tapi oas dpet mbk2 kasir yg jutek ðŸ˜… â€¦",,,negatif,,,,0,0,2,0,0
"Gacoan loveeeeeeeeâ¤â¤â¤â¤â¤ðŸ‘ŒðŸ‘ŒðŸ‘ŒðŸ‘Œ
Rasanya best
Palayanan best bngt â€¦",positif,,positif,,,,1,0,1,0,0
"Luas tempatnya, parkir juga nyaman, sayangnya kalo bayar tunai harus bolak balik dari ambil antrian teru ke meja scan menu, pesen terus balik ke kasir buat bayar tunai. â€¦",,,negatif,positif,,,0,0,2,1,0
"harga nya sangat murah, utk kaum mahasiswa,
mie nya enakkkk, .
pokok the bestttt bangettt",positif,positif,,,,,1,1,0,0,0
"Lagi nyoba  mie hompimpa nya mie gacoan, lumayan lama sih nunggunya kurleb 30menitan.
Mie datang langsung santap, dan rasanya ASIIIN banget ðŸ¤ª.
Setiap nyantap langsung nyruput es teh sampe hbs 2 gelas.. â€¦",negatif,,negatif,,,,2,0,2,0,0
"Pelayanannya best, kakaknya ramah semua dan makanan enak ðŸ‘ â€¦",positif,,positif,,,,1,0,1,0,0
"bagus banget pelayanannya, harga nya worth it, dan tempatnya oke banget",,positif,positif,positif,,,0,1,1,1,0
"Lokasinya strategis lumayan deket daerah kampus.
Tempatnya selalu ramai. Kadang antrenya sampe ke parkiran (maybe cause tiny space). Parkirnya cukup ada tempat. â€¦",,,,negatif,,,0,0,0,2,0
Buka 24 jam. Parkir mobil tidak ada. Tisu tidak disebar ditembok-tembok seperti gacoan ditempat lain. Lainnya oke,,,positif,negatif,,,0,0,1,2,0
"enakkk bgttt langganan mie gacoannn sma temen temennn, tempat luas dan bersih bikin nyamann",positif,,,positif,,,1,0,0,1,0
"pelayanan cepat, bersih, dan enak",positif,,positif,positif,,,1,0,1,1,0
"Pelayanan cepat meski antri panjang , selalu langganan kalo datang ke sini , harga ga menguras kantong ðŸ˜ â€¦",,positif,positif,,,,0,1,1,0,0
"Pelayanan bagus, tempat bersih, dan makanan enak",positif,,positif,positif,,,1,0,1,1,0
"pelayanan memuaskan ,makanan mantul enak betul",positif,,positif,,,,1,0,1,0,0
"Pelayanannya ramah, cukup cepat diantar setelah pesan, termasuk makanan fav anak kos and low budget",,positif,positif,,,,0,1,1,0,0
Pelayanan untuk makanan dan minuman cepat tersaji.. suasana oke..,,,positif,positif,,,0,0,1,1,0
pelayanan sekarang sudah lumayan oke lebih cepat dari biasanya,,,positif,,,,0,0,1,0,0
"sukaaa bgt pelayanan nya , kukira lama , ternyata cepet bgt antri nya",,,positif,,,,0,0,1,0,0
Pesenannya cepatttt datangnya yey,,,positif,,,,0,0,1,0,0
"akhir akhir ini rasanya berbeda tidal seenak biasana , tolong di cek lagi ya, tapi tetep suka , tapi agak kurang aja",negatif,,,,,,2,0,0,0,0
"Best sih, pokoknya apapun kondisinya gacoan solusinya wkwk",,,,,positif,,0,0,0,0,1
Pelayanan sangat bagus dan cepatt ðŸ‘ðŸ‘ðŸ‘ â€¦,,,positif,,,,0,0,1,0,0
"Dimsumnya best! Aku beli udang keju. Wangi minyak wijennya berasa terus kejumya melt. Untuk mienya, 5/10. Kurang manis, kurang asin, kurang gurih. Kurang wangi juga bawangnya. Kalo mau main2 ke gacoan mending makan dimsum2annya ajaaa",negatif,,,,,,2,0,0,0,0
"pelayannya ramah bangett, tempatnya nyaman dan bersih, makanannya juga enak enakk",positif,,positif,positif,,,1,0,1,1,0
"nyaman, pelayanan josjis
saran: (smoking area kalau bisa)",,,positif,positif,,,0,0,1,1,0
"Pertama kali kesini ternyata ga mengecewakan, untungnya ga terlalu rame jadi bisa langsung dapat tempat duduk. Untuk mienya enakk banget, rasanya juga pas. Pelayanannya ramah",positif,,positif,netral,,,1,0,1,3,0
"gacoan jember tempatnya nyaman untuk tempat kumpul keluarga, bersama teman, maupun pasangan karena suasana sore maupun malamnya sangat sejuk dan segar. pelayanan yang baik dari para crew nya membuat kita betah untuk berada disana. tak hanya â€¦",,,positif,positif,,,0,0,1,1,0
"makanan sangat enak dan penyajiannya cepat,selain itu tempatnya juga bersih",positif,,,positif,,,1,0,0,1,0
pangsitnya tmbah cuilik rekkðŸ˜­ â€¦,negatif,,,,,,2,0,0,0,0
Mas yg pakai kemeja merah sangat ramah dan menjawab setiap pertanyaaan dengan baik,,,positif,,,,0,0,1,0,0
Memuaskan sekali ðŸ§šðŸ»ðŸ’– â€¦,,,,,positif,,0,0,0,0,1
Salah satu warung kedai resto mie di kota Jember dengan cita rasa yang enak dengan fasilitas lahan parkir yang luas dan toilet. Tempat makan yang nyaman berlokasi di jalan PB Sudirman pertigaan ke arah jalan Wijaya Kusuma.. tepatnya di depan apotek Bima 3. recommended ðŸ‘ â€¦,positif,,,positif,,,1,0,0,1,0
gacoann nya enak kerasa bangtt gitu kayak rasa gacoanðŸ¤— â€¦,positif,,,,,,1,0,0,0,0
"Rasanya enak, pelayanannya ramah, dan cepet, rekomen bgt",positif,,positif,,,,1,0,1,0,0
"Mie nya manis kak ,tapi enak kok kurang pedes untuk level 3",negatif,,,,,,2,0,0,0,0
Rasa mantab.. buat ngangenin rasanya.. suksess terus buat gacoan.. ditunggu open cabang lagi ya...,positif,,,,,,1,0,0,0,0
"makanannya enak, pelayanan ramah dan cepat",positif,,positif,,,,1,0,1,0,0
Ini kesekian kalinya sih ke gacoan jember pelayanan selalu menyenangkan sumringah jadi kitanya happyyy mau makan dan 1 lagi cepatttttt bngt meskipun rame,,,positif,,,,0,0,1,0,0
Tempatnya makin luas makananya juga enak cepet jugaa suka bngett makin love gacoan,positif,,,positif,,,1,0,0,1,0
"tempatnya bersih, luas, dan nyaman bangett truss juga kumpul sama temen jadi enjoyy",,,,positif,,,0,0,0,1,0
"saat antri panjang pelayanan cepat dengan sistem catat sebelum di kasir, jadi saat sampai kasir sudah langsung dibacakan pesanan
menunya beragam dan harga nya ramah kantong pelajar dan mahasiswa, safe food kalo bingung cari makanan hehe ðŸ˜ â€¦",netral,positif,positif,,,,3,1,1,0,0
Bestttt bngttttttt gacoann bestt lovee u gaconnnnâ¤â¤â¤â¤ðŸ’“ðŸ’“ðŸ’“ðŸ’“ðŸ’“ðŸ’“ â€¦,,,,,positif,,0,0,0,0,1
"Makanan sih aman, cuma mohon untuk kamar mandinya lebih di perhatikan lagi, airnya juga matiðŸ˜­ðŸ˜­ â€¦",netral,,,negatif,,,3,0,0,2,0
"makanannya enak, pelayanannya bagus dan ramah mba' nya, terimakasih gacoan, lovyu banyak'",positif,,positif,,,,1,0,1,0,0
"tempatnya semakin nyaman, pelayanan ramah banget",,,positif,positif,,,0,0,1,1,0
"enakk bgt, pelayanannya juga cepet, penyajian makanannya juga cepat sekali rekomended lahh",positif,,positif,,,,1,0,1,0,0
"Pelayanan lebih cepat dan efisien, bayar qris ga perlu ke kasir",,,positif,,,,0,0,1,0,0
Tempat nya makin luas jadi ndak ngantri lama the best pokoknyaðŸ‘‹ðŸ» â€¦,,,,positif,,,0,0,0,1,0
"makanannya enak, pelayanannya ramah, tempatnya bersih",positif,,positif,positif,,,1,0,1,1,0
"Beli mie hompimpa, mie yang tanpa kecap rasanya agak gurih tapi kurang nendang gitu deh. Untuk mienya tipe yg standar mie bukan yg lebar ataupun tebel yang tipis gitu, porsinya pas  Udang kejunya juga enak isinya 3 ya, cuma kok kaya beda ya â€¦",negatif,,,,,,2,0,0,0,0
Tempatnya bagus bngt. Karyawannya ramah2,,,positif,positif,,,0,0,1,1,0
"Sumpah lama bnget, nunggu lama, mienya tambah kecil, tdk recomended.",negatif,,negatif,,,,2,0,2,0,0
"Pelayanannya bagus ramah, makanan nya enak enak. Meskipun harganya murah tapi rasanya gaaa murahan sukaaa bangettt dahhh pokonyaaa buat saya ingin repeat order terusss....",positif,positif,positif,,,,1,1,1,0,0
makanannya enak bgt sih wajib kesiniðŸ”¥ðŸ”¥ â€¦,positif,,,,,,1,0,0,0,0
Mas mass  kemeja merah helpfull/sangat membantu banget ngarahin cara pesennnya,,,positif,,,,0,0,1,0,0
"Sekedar saran, mungkin area makan dan tempat parkir bisa diperluas lagi. Tapi kalian harus cobain mie hompimpanya sih dan lumpia udang recommended geeessss.",positif,,,negatif,,,1,0,0,2,0
"Rasa makanannya tidak berubah, kualitas makanan baik. Suasana makannya biasa saja. Untuk harganya relatif murah ya, cocok untuk mahasiswa juga.",positif,positif,,netral,,,1,1,0,3,0
"KARENA GUA SUKA GACOAN 9/10 TENTUNYAAA WKWKWK

TAPI UNTUK SUASANA TEMPAT, PANASSS SUMUSS GAES ðŸ˜­ TAPI IT'S OKE SII MENYESUAIKAN LOKASI. â€¦",,,,negatif,,,0,0,0,2,0
"Makannya enak,, untuk rasa ya tergantung keinginan levelnya yaaa,, tempat nya sih bagus tapi kurang luas aja,,",positif,,,negatif,,,1,0,0,2,0
"Mie nya enak seperti mie gacoan di kota2 lain.  Selalu ramai dan lama. Yang kurang aku suka banyak perokok, ganggu banget. Seharusnya ada larangan merokok di dalam. Mengganggu pengunjung lain.",positif,,,negatif,,,1,0,0,2,0
makanan enakk pelayanan baikkk mantappp dehhh,positif,,positif,,,,1,0,1,0,0
Salah satu alasan ramainya peminat mie gacoan karena rasa khasnya. Terlebih pelayan dan juga tempat sangat memuaskan,positif,,positif,positif,,,1,0,1,1,0
"pelayanan sangat cepat dan makanan enak, mungkin hanya tempat yang agak panas",positif,,positif,negatif,,,1,0,1,2,0
"tempatnya skarang lebih luas,dan tidak perlu antri ke kasir jika ingin memesan. juga harga yang terjangkau cocok untuk semua kalangan",,positif,netral,positif,,,0,1,3,1,0
"pelayanan cepat, makanan enak, tempat nyaman. kalo siang agak panas heheðŸ™ â€¦",positif,,positif,negatif,,,1,0,1,2,0
Pelayanan ramah. Suasana enak. Lebih luas. Tempat duduk lebih banyak. Pemesanan juga lebih praktis dengan ada nya scan barcode. Jd gk perlu nunggu berdiri terlalu lama.,,,positif,positif,,,0,0,1,1,0
"Kasir depan bagian order ""dine in"" agak judess.
Semoga kedepannya lebih ramah lagi ðŸ™ â€¦",,,negatif,,,,0,0,2,0,0
"setiap messen mie gacoan mesti kurang bumbunya sam kecapanya, sehingga warna putih klo di makan jadi kurang sedep",negatif,,,,,,2,0,0,0,0
"Mie nya enakkk banget, udang keju the best banget,
pelayanan juga ramahÂ² asik,",positif,,positif,,,,1,0,1,0,0
"pelayanan bagus lebih cepat lg,mungkin tempat duduk diperbanyak lagi,rasa juga enak",positif,,positif,negatif,,,1,0,1,2,0
"Pelayanannya bagus banget, ramahÂ² bangett suka SM gacoan yang sekarang",,,positif,,,,0,0,1,0,0
"Becek ges, mirip suasana restoran dekat rawa. Pemandangan cukup bagus kyak air terjun. Ada kolam kecil juga. Worth it untuk orang jebbhe.",,,,negatif,,,0,0,0,2,0
"Tempatnya kurang luas, pelayanannya kurang cepat, rasanya kurang konsisten",negatif,,negatif,negatif,,,2,0,2,2,0
"tempat makan paling fav bareng temen"", enak pwol mieee nyaaa, apalagi udang keju nya.. recommend pwoll",positif,,,negatif,,,1,0,0,2,0
Yg kurang dst oknum tukang parkir mobil (orgnya agak kurus)....nariknyaa g sesuai dengan tarif parkirnya ..tolong yaa di tegur,,negatif,,,,,0,2,0,0,0
"Mie yang hambar tanpa rasa dipadukan dengan cabe yang pahit. Bukan sekali, dua, atau tiga kali. Nyoba di Jember beberapa kali selalu zonk dengan detail rasa & level pedasnya ga konsisten, begitu pula di Surabaya, sama. Ini order di go-food â€¦",negatif,,,,,,2,0,0,0,0
"Rasanya konsisten tetep enak, pelayanan juga cepet",positif,,positif,,,,1,0,1,0,0
Pelayanannya ramah bgt,,,positif,,,,0,0,1,0,0
"pertama kali ke gacoan di tempat yg baru cuma menang parkir aja luas, malah makin lama aja pelayanannya.
buat mbak mbak yg manggil orderan Take away pliss dehh tempat serame itu ganti â€¦",,,negatif,netral,,,0,0,2,3,0
"Pelayaannya sangat tidak memuaskan dan burk bgt â€¦.makan di tempat nunggu smpek hmpir 2 jam gak datengâ€ , sekalinya datang malah pnya orang yg baru duduk ðŸ˜ŸðŸ˜ŸðŸ˜Ÿ â€¦",,,negatif,,,,0,0,2,0,0
"Rasa makanannya konsisten enak, pelayannya baik dan ramah. Topp deh pokonyaðŸ¤™ â€¦",positif,,positif,,,,1,0,1,0,0
"sangat sangat enak,pedesnya masih bisa di terima di lidah",positif,,,,,,1,0,0,0,0
"Memeang mie gacoan jempolan, porsi banyak harga murah, rasa enak, komplit...

Es genderuwonya mantab... Anekabuah & jelly â€¦",positif,positif,,,,,1,1,0,0,0
"pelayanan nya bagus, makanan nya off course enak bgt",positif,,positif,,,,1,0,1,0,0
"pelayanan ramah sekalii, mie nya enak polðŸ¤— â€¦",positif,,positif,,,,1,0,1,0,0
"selalu puas dengan pelayanan nya dan rasanya. tempat sangat terjaga sehingga bersih. karyawan juga cepat tanggap jika ada meja yang sudah ditinggal kan oleh customer dengan sigap langsung dibersihkan, sehingga mudah untuk customer yang baru â€¦",positif,,positif,positif,,,1,0,1,1,0
Pelayanan nya cepat dan makanan enak,positif,,positif,,,,1,0,1,0,0
Pelayanan estetik bakal seringÂ² kegacoan nih tempatnya nyaman buat kumpulÂ²,,,positif,positif,,,0,0,1,1,0
"pelayanan nya jellek jutekk banget pelayanan nya tidak mendengarkan customer mbak"" nya",,,negatif,,,,0,0,2,0,0
"Ntah knp gacoan biasanya mie nya enak pas di lidah, tp hari ini 20 juni 2025 mienya kenyal banget gk kayak biasanya terus bumbunya kayak beda aja gitu",negatif,,,,,,2,0,0,0,0
"Harga murah tapi gak murahan, karna selain harga terjangkau, rasanya no kaleng2..
Pelayanannya jg baguuuss.. â€¦",positif,positif,positif,,,,1,1,1,0,0
"Lokasi Keren lah  bisa ngimbangi kota besar..
mgkin kcpatan playanan lbh ditingkatin..",,,negatif,positif,,,0,0,2,1,0
"rame poll, tapi penyajian nya cepet, harga bersahabat",,positif,positif,netral,,,0,1,1,3,0
Pelayanan nya ramah,,,positif,,,,0,0,1,0,0
"Pelayanan, makanannya selalu oke
Tetep dijaga kwalitasnya yaa",netral,,netral,,,,3,0,3,0,0
"salah satu tempat nyaman buat nongkrong sama teman, karena harganya terjangkau",,positif,,positif,,,0,1,0,1,0
"Sistem layanan oke,jenis minuman bervariasi dan enak enak",positif,,netral,,,,1,0,3,0,0
"tencuu palingg suka sama ujang kedu nyaaa bestttt, pelayan nya ramah ramah bangettttt tengss gacoaann",positif,,positif,,,,1,0,1,0,0
"Pelayannya ramah, saya bawa dedeg kecil di sediakan tempat duduk juga buat si kecil, makanannya enakÂ² terutama mie suitnya yg cocok dilidah anak saya",positif,,positif,netral,,,1,0,1,3,0
"Cocok budget mahasiswa dan remaja remaja ðŸ˜ nyaman juga tempatnya, worth buat ngobrol ngorbol santaii sama temenðŸ˜‹â˜ðŸ» â€¦",,positif,,positif,,,0,1,0,1,0
"makanan enak,es tehnya manis,pelayanan ramah,cepat",positif,,positif,,,,1,0,1,0,0
"Gilaakkk luammaaaa bangett untuk pelayanan take awaynyaa, mbak2 yg packing gercep dikit dong, masih sempet minta fotoin, padahal antriann banyak banget, nunggu sampe sejam lebihhhhh cuma untuk mie, hadeehh, yg gak betah nunggu dan antri sih ini nooo bangetttt",,,negatif,,,,0,0,2,0,0
"Mantap mie nya,pelayanan nya juga bagus.minumannya juga enak.

Mantap pokok..ðŸ‘ðŸ‘ â€¦",positif,,positif,,,,1,0,1,0,0
"Suasananya oke, tempat makannya luas, sistemnya juga udah canggih dan modern",,,,positif,,,0,0,0,1,0
"Parkirannya penuh banget. Antrian untuk pesan makanan juga penuh buanget. Untung pelayanan antrian untuk pemesanan cepet banget. Untuk rasa makanan sendiri cukup enak, cuma penyajiannya berantakan sekali, minyak mienya dimana mana, bawang â€¦",positif,,negatif,,,,1,0,2,0,0
"Tempatnya sekarang makin luas dan rasa mie tetep ga pernah berubah ðŸ˜ðŸ˜ðŸ˜ðŸ˜,
Gacoan memangðŸ‘Œ â€¦",netral,,,positif,,,3,0,0,1,0
"gacoan di jember seru banget, pelayanannya juga ramah, tempatnya rame dan asyik, pokok wajib cobain deh makan disini",,,positif,positif,,,0,0,1,1,0
"luvv bgt sma pelayanan kak teguhh, gercepp dan ramah bangetttttðŸ«¶ â€¦",,,positif,,,,0,0,1,0,0
"makanannya enak, pelayanannya ter-arah dan teratur. fasilitas lengkap, parkiran luas.",positif,,positif,positif,,,1,0,1,1,0
"Tempatnya lumayan bersih, tp sangat pengap (tempat tunggu), menunya enak-enak, pelayanan lumayan.",positif,,netral,negatif,,,1,0,3,2,0
"Tempat yg sangat rekomend bangett, bersih, pelayanan juga ramah, makanan yg di hidangkan sangat enak, udang kejunya the best dahhðŸ˜ apa lagi sekarang sudah buka 24 jam jadi ga khawatir kalau ngidam mie gacoan tengah malem langsung gasss ðŸ˜…ðŸ˜… â€¦",positif,,positif,positif,,,1,0,1,1,0
Sumpahhhh pelayanannya luuuaammaaa banget sampek nunggu 1 jam 40 menitan cuma nungguin MIE doangggggg..ini sih NO bangettttttt dah...yg awalnya mood jadi bad mood cuma garaÂ² nungguin mie doangggg...anehnya meja sebelah saya yang baru datang â€¦,,,negatif,,,,0,0,2,0,0
Makanya enak poll semua dari mie somay udang keju porsinya juga pas bgt di perut huhu,positif,,,,,,1,0,0,0,0
"tempatnya lebih luas, praktis, pelayanannya mantap",,,positif,positif,,,0,0,1,1,0
pesennya g4 tapi realitanya g3 trus ada stempel sesua dg nota lagiiiiâ€¦emangnya ga si cek yaaa,,,negatif,,,,0,0,2,0,0
"Makanannya enak-enak sih, tapi ngantrinya gila lama banget. Pelayanan perlu diperbaiki. Ngantri kasir, rame. Kadang kasir ada 2 tapi yang layani cuma 1, antrian sampe nguler ke jalan. Kadang ngantri meja juga buat dine in, buset dah. Nunggu â€¦",positif,,negatif,,,,1,0,2,0,0
Pelayanannya cepat dan menunya sangat bervarian. Pelayanannya juga ramah-ramah.,netral,,positif,,,,3,0,1,0,0
"Makanannya oke, harga murah. Suasanya menyenangkan",netral,positif,,positif,,,3,1,0,1,0
"Pegawainya Baik, ramah. Rasanya juga enak. jangan lupa mampir guysss",positif,,positif,,,,1,0,1,0,0
"Menunya bermacam-macam, enak, harga terjangkau, tempat nyaman, pelayan ramah",positif,positif,positif,positif,,,1,1,1,1,0
"Kemarin saya kesana. Rasa makanannya agak asin, rasa mienya kurang kecap juga.  Mohon diperbaiki ðŸ™ â€¦",negatif,,,,,,2,0,0,0,0
pelayanannya ramah makanannya enakk,positif,,positif,,,,1,0,1,0,0
"problem Take Away :
-on duty manajer selina, seperti tidak bisa mengarahkan kegaduhan customer. jawabannya hanya 'seperti itu kak prosedurnya' gabisa kasi opsi lain. ditanya â€¦",,,negatif,,,,0,0,2,0,0
"Lebih luas dan nyaman untuk menikmati hidangan, langganan gacoan buat nambah mood, udang keju, green tai tea dan teh tarik ðŸ”¥
Tapi udah gak keliatan bapak parkir yang biasanya bisa diajak gurau. â€¦",netral,,,positif,,,3,0,0,1,0
"Tempatnya enak..lebih luas dari sebelumnya, gk perlu antri panjang tinggal scan barcode aja",,,,positif,,,0,0,0,1,0
"minnya sumpahh enak bangett, oelayanannya baguss bangett, kebersihan terjagaaâ¤ï¸â¤ï¸â¤ï¸",positif,,positif,positif,,,1,0,1,1,0
"Mantap emang, cocok kalo sarapan di sini wkwkwkw sambil main uno",,,,positif,,,0,0,0,1,0
aga panas tempat saya duduk kurang kena kipas hehehe,,,,negatif,,,0,0,0,2,0
"Wagila sih pesen mie level 8 minumanya dateng 40menit kemudian.
Ternyata belum di buatin, tolong kalau gak sanggup fokus kerja malem mending gak usah buka malem",,,negatif,,,,0,0,2,0,0
"Suasana baru dan tempatnya lebih strategis daripada lokasi sebelumnya, untuk rasa makanan dan pelayanan masih sama, oke",netral,,netral,positif,,,3,0,3,1,0
Udang kejunx uenakk pooolll....,positif,,,,,,1,0,0,0,0
"Bagus,nyaman adem puass bgt pelayanannya",,,positif,positif,,,0,0,1,1,0
Tolong untuk pelayanan di tingkatkan lagi.saya pesan dari tadi lama bget gk keluar2 yang keluar malah minum2 saja..sedangkan yang baru dateng cepet alarm langsung berbunyi.untuk staf klo di tnya pelanggan jgan cuma bilang sabar2 saja krna saya di tmpat sudah lebih dari 30 menit.,,,negatif,,,,0,0,2,0,0
enak dan nyaman,positif,,,positif,,,1,0,0,1,0
"Makanannya enak, langganan klo pulang kerja/ngampus",positif,,,,,,1,0,0,0,0
"Pelayanannya ramah dan tempatnya bagus, pokoknya waw dehðŸ¥° â€¦",,,positif,positif,,,0,0,1,1,0
"mie gacoan lv 8 nagih banget, pedesnya pas ga bikin panas, pelayanannya juga baik dan ramah",positif,,positif,,,,1,0,1,0,0
"servicee nyaa cepett, makanannya jg cepett worth it dahh",,,positif,,,,0,0,1,0,0
"suka pelayan dan makanannya sangat terjangkau, kak teguh baikðŸ¥° â€¦",,positif,positif,,,,0,1,1,0,0
Pelayananannya ramah cepat santap untuk makananðŸ¥° â€¦,,,positif,,,,0,0,1,0,0
"Pelayanan nya cepat apalagi ini udh ada â€œself serviceâ€ nya sndri, jadi memudahkan customer dalam mengambil orderan untuk dine in nya",,,positif,,,,0,0,1,0,0
"Mic nya diganti,,, Masa Pemberitahuan ke costomer Ngga Jelas Gitu,,, Sekelas Gacoan Ganti Mic Pemberitahuan Aja Ngga Kuat,, Payah,,",,,,negatif,,,0,0,0,2,0
"rasanya tidak konsisten, mie terkadang basah terkadang kering.
porsi terkadang banyak, terkadang sedikit.
dan usahakan minuman di antar dahulu, meski tidak bersamaan dengan makanannya.",negatif,,negatif,,,,2,0,2,0,0
Pelayanannya ramah ramah mienya juga datengnya cepet untuk rasanyaa juga pas,positif,,positif,,,,1,0,1,0,0
"kebetulan ke gacoan pas baru buka jadi sepi, kalo udah masuk jam makan siang rame banget antrian lama ehehe",,,,netral,,,0,0,0,3,0
"gacoan jember seru banget, yang kerja juga kerenÂ², asik dan menyenangkan serta pelayanannya mengasyikkan. makanannya enak banget. terima kasih gacoan jemberrðŸ¤©ðŸ¤©ðŸ¤˜ â€¦",positif,,positif,,,,1,0,1,0,0
Tempatnya semakin luas pelayanannya oke bangetâ¤,,,positif,positif,,,0,0,1,1,0
"Selalu enak, pelayanan cepat dan ramah",positif,,positif,,,,1,0,1,0,0
"Mie gacoan jember, rasanya enak sama seperti sejak pertama kali buka, tempat ramai namun pelayanan masih terbilang cepat
good job gacoan ðŸ‘ â€¦",positif,,positif,netral,,,1,0,1,3,0
pegawai menghilangkan struk hingga menunggu lama,,,negatif,,,,0,0,2,0,0
Enakkk poll mantapp.. pokok rekomended bgt dehh  walaupun antri setengah mati tapi tetap oke ðŸ¥°ðŸ˜‹ â€¦,,,negatif,,,,0,0,2,0,0
"Keren!
Darisegi tempat,pelayanan,semuanya ramah..intinya topoðŸ«¡â¤ï¸ â€¦",,,positif,positif,,,0,0,1,1,0
"Pelayanannya sangat baik, makanannya rekomend",positif,,positif,,,,1,0,1,0,0
"udang kejunya favorit, mie nya enak, pantes rame terus+A1443",positif,,,,,,1,0,0,0,0
"Pelayan cepat, teratur dan bersih baik tempat maupun dapur. Sukses slalu Mie Gacoan",,,positif,positif,,,0,0,1,1,0
"makanan favoritnya anak mudaaa. dan gapernah bosenn"" makan digacoan the bestt",positif,,,,,,1,0,0,0,0
SUMPAH SUMPAH SUMPAH GACOAN INI DAR DER DORBANGETTT SIH TEMPATNYA HARGANYA PELAYANANNYA SEMUANYAAAAAAAA KEKKK KOKKK BISAAAA SI MIE SEENAK INIII UDANG KEJU SELUMER INI SUKAAAAAAAAAAA BANGETTTTTTTTTTTTTT LUVVVVVV,positif,positif,positif,positif,,,1,1,1,1,0
"Meski gak kenal ke foundernya gacoan, saya acungi jempol karena bisa bikin mie pedas dengan omset triliunan ðŸ‘Š â€¦",positif,,,,,,1,0,0,0,0
"Makanan nya sangat enakk, juga pelayanan nya baguss",positif,,positif,,,,1,0,1,0,0
Tempat lumayan luas,,,,netral,,,0,0,0,3,0
"Suka pol
Mie pedes paling enak",positif,,,,,,1,0,0,0,0
"Ga pas bgt 22nya kya yg gaada kecapnya, sdh ditambah kecap sndiri msh putih, bumbu juga ga sprti biasanya, ini kering bgt, Usahakan sprti biasa.",negatif,,,,,,2,0,0,0,0
pelayanannya sangat cepat makanannya juga masih hangat sangat tidak mengecewakan,positif,,positif,,,,1,0,1,0,0
"tempatnya nyaman, sudah beberapa kali disini
tapi antreannya cukup lama",,,negatif,positif,,,0,0,2,1,0
"Pelayanannya gercep bngtt mantapp poll, suasananya nyaman",,,positif,positif,,,0,0,1,1,0
"tempattnya baguss, recomend buat makan bareng keluarga dan makanannya pun enakk dann murcee bgtttttt, loveee gacoannn",positif,,,positif,,,1,0,0,1,0
"SAYA TULIS DG HURUF BESAR BIAR SEMUA STAFF DAN MANAGEMENT NYA BISA BACAAAAA!!!!
PELAYANAN BURUK,DAPET KURSI YG MAKSIMAL 2 ORG DAN DISITU SAYA ORG PERTAMA YG DUDUK DI AREA ITU, SETELAH ITU ADA KURANG LEBIH 6 CUSTOMER, MAKANAN NYAMPE GAk â€¦",,,negatif,negatif,,,0,0,2,2,0
"Pelayanan sangat ramah sekali, makanan selalu di hangat ga pernah dingin dan suasana nyaman polll. Hampir tiap hari makan disini soalnya.. Mantulll bgttttt ðŸ‘ â€¦",positif,,positif,positif,,,1,0,1,1,0
"Pelayanan bagus, cepat dan semakin luas tempatnyaa, rasanya jugaa ga berubahh, bestt ðŸ”¥ðŸ¤ðŸ» â€¦",positif,,positif,positif,,,1,0,1,1,0
"Pelayanan buruk sekali. Lagi hamil besar, uda antri panjang, pas mau pesan ternyata kudu ambil no kursi. Sedangkan ketika masuk, aku pelanggan yg ke skip karna karyawan d depan cuma 1. Akhirnya pulang tanpa beli karna uda terlanjur badmood. Tolong d perbaiki",,,negatif,,,,0,0,2,0,0
Kakak kasirnya cantik. Bulu matanya anti baday dan petire,,,netral,,,,0,0,3,0,0
"udah 2 kali ke gacoan outlet baru tapi rasanya ga konsisten bngtttttt. pertama kesana rasanya flat kurang manis, yang kedua rasanya dominan asin bngtt dan rasa manisnya ga ada. aduhh tolong dong rasanya lebih diperhatikan dan diperbaikin â€¦",negatif,,,,,,2,0,0,0,0
tempatnya nyamaannn bgtt jdi sering sering mampir kesini krn harga murah meriah dan rasanya enak.... ga pernah ngecewain pokoknyaðŸ‘ðŸ‘ðŸ‘ â€¦,positif,positif,,positif,,,1,1,0,1,0
"Mintak tolong ya sama kasirnya tolong ya kalok ada yg pesen didengerin baik baik ya saya mesen minumannya satu eh kok malah di kasik 2
Sama saya jugak jadi kasir tapi saya ngederin baik baik terus di ulangin lagi pesanannya customer taku ada yg salah ya ini kejadiannya",,,negatif,,,,0,0,2,0,0
"Sangat memuaskan dan eksotis,bisa memesan tempat untuk orang banyak dan melayani dengan sepenuh hati,pelayanan dan menu sangat bervarian sesuai keinginan",netral,,positif,,,,3,0,1,0,0
"pelayanan kasir sedikit lama
pelayanan crew cepet bageett
pelayanan customer servis ramah bangeett",,,positif,,,,0,0,1,0,0
"Mie nya brubah bngt rasanyaa, kek gada kecapnya di mie nyaa
Thai tea yang biasanya saya pesan enak, malah sekarang jadi kaya basi rasanya,
Udang rambutannya brubah bngtttttðŸ˜­ â€¦",negatif,,,,,,2,0,0,0,0
"First time nyobain kesini ..
Mie nya enak..
Selalu rame. â€¦",positif,,,,,,1,0,0,0,0
"huhuuuu enak bngttt mienya, konsisten gak pernah berubah, pelayanannya ramah bangett",positif,,positif,,,,1,0,1,0,0
"Makanan gak perlu gw ulas lagi karena emang udah enak, dgn kombo mi gacoan lvl 4 + udang kejunya.
Interiornya jadi lebih estetik & lebih luas gak bikin sumpek. â€¦",positif,,,positif,,,1,0,0,1,0
mantap pelayan nya cakep cakep,,,positif,,,,0,0,1,0,0
Makananya enak dan tempatnya juga nyaman ðŸ˜ â€¦,positif,,,positif,,,1,0,0,1,0
"Buat karayawan yg nama nina yg biasanya didepan, semangat kerjanya. Meski kurus cakep km mbak ðŸ˜ðŸ˜ â€¦",,,,,positif,,0,0,0,0,1
"2x pesan shopeefood, estimasi tertulis 1.5 jam sampai, dan dua duanya di cancel mendekati 1.5 jam. Kalau memang mau cancel mending cancel saja dari awal, jangan customer sudah nunggu 1.5 jam baru di cancel. Mengecewakan sekali dicancel saat â€¦",,,negatif,,,,0,0,2,0,0
"Pegawai nya banyak melamun.masa makanan dibuang?gara2 saya lupa bawa pulang.hrusny pgwai bersih2 ny tau,KLO dus warna putih untuk dbwa plng,bukan lngsung dibuang.kecewa banget",,,negatif,,,,0,0,2,0,0
"Tempatnya selalu ramai, pegawai cekatan, gesit, dan cepat",,,positif,positif,,,0,0,1,1,0
"Pelayanan nya satset,emang langganan dari duluðŸ˜loppp bgt gacoann â€¦",,,positif,,,,0,0,1,0,0
"makanannya enak, pelayannya ramah, tapi pelayanannya kurang cepat, jadi harus nunggu agak lama.",positif,,negatif,,,,1,0,2,0,0
"Bagus bersih pelayanan nya bagus, cuman agak keganggu sama pengunjung yg lagi ngrokok",,,positif,negatif,,,0,0,1,2,0
"nyaman, tapi tatakan ny bagian bawah berminyak, klo bisa setiap di selsai bisa di bersihkan minyaknya",,,,negatif,,,0,0,0,2,0
Tempatnya nyaman bersih dan luas.    Pelayanannya sangat baik dan ramah,,,positif,positif,,,0,0,1,1,0
Tempatnya lebih luas dan lebih nyaman parkiran luas dan sekarang pake barcode jadi lebih enak untuk dine in ðŸ’—ðŸ’—ðŸ’— â€¦,,,,positif,,,0,0,0,1,0
"Mienya enak banget pelayanannya cepet gak pakek lama karyawannya juga ramah""",positif,,positif,,,,1,0,1,0,0
"Saran ya min,kamar mandinya di bersihkan karena kemarin saya kesana ada bekas berak yang belum di siram dan masih nyepil di sela sela toilet dan saran sediakan tisu toilet!! Kamar mandinya jorok sekali dan bau",,,,negatif,,,0,0,0,2,0
mas yang nunjukin nomer meja ramah bangett pelayanannyaaa ðŸ˜Š â€¦,,,positif,,,,0,0,1,0,0
Makanannya enak pedess nya sesuaiii selera Dateng makanya juga ga nunggu terlalu lamaaa,positif,,positif,,,,1,0,1,0,0
tempatnya bersih & nyaman jdi enak menikmati mie nya,positif,,,positif,,,1,0,0,1,0
"Tidak ramah untuk yang punya mobil, yang bawa mobil ndak bisa parkir padahal ada banyak tempat buat parkir, sekalipun ndak bisa tidak apa2 tapi kenapa pihak parkir dan gacoan kurang sopan dalam menanggapi?",,,,negatif,,,0,0,0,2,0
"Layanan cepat
Untuk rasa enak
Tempat nyaman dan luas",positif,,positif,positif,,,1,0,1,1,0
"Mie nya enak gak enek, pedesnya nampol dan saya suka bgt sama udang kejunya",positif,,,,,,1,0,0,0,0
"Rela ngantri demi mie gacoan karna emang rasanya se enak itu dan nagihhh, pelayanannya ramah, restonya juga bersihhh, besttt pokoknyaðŸ‘ â€¦",positif,,positif,positif,,,1,0,1,1,0
mantap sekali gacoanðŸ˜¡ â€¦,,,,,positif,,0,0,0,0,1
"baru kemaren dari sini, makan gacoan level 2 berasa level diatasnya. mienya kurang kecap jadi kerasa bgt pedesnya kalo bisa ditambahin dong, gak kek waktu di sumatra",negatif,,,,,,2,0,0,0,0
pelayanan sangat cepat karyawan sangat ramah,,,positif,,,,0,0,1,0,0
"Makananya yang pasti enak, pas dan ramah dikantong hehe, untuk pelayananya bagusðŸ‘ â€¦",positif,poo,positif,,,,1,0,1,0,0
"Tempatnya nyaman, mie nya enak wort it banget untuk kaum pelajar.",,positif,,positif,,,0,1,0,1,0
Pelayannya sangat baik dan rasanya enak bangettðŸ˜ðŸ˜ â€¦,positif,,positif,,,,1,0,1,0,0
"Pelayanan tambah lama & ribet dan rasa berubah,harus download aplikasi sebetulny jual makanan/aplikasi dan tidak boleh merokok padahal outdoor bukan ruangan ber ac",negatif,,negatif,negatif,,,2,0,2,2,0
"pelayanannya baguss sii, intinya ga pernah bosen makan disiniii",,,positif,,,,0,0,1,0,0
"Saya kemarin beli mie manis gacoan 4 untuk take away,tapi dijualin mie manis cuma 1 yg 3 mie hompimpa udah berharap pesenannya bener soalnya udah ngidam ,tapi setelah tau yg dateng bukan mie manis jadi ga selera buat makanðŸ˜Œ â€¦",,,negatif,,,,0,0,2,0,0
"Perfect dari segi pelayanan,makanannya,tempatnya juga bersih dadi pengen balek lagi makan di gacoan",positif,,positif,positif,,,1,0,1,1,0
"makanannya enak, banyak variannya, tapi pedes mienya kurang konsisten",negatif,,,,,,2,0,0,0,0
"Jam 3 gaboleh Dine in hanya take away
Tapi jam Â½4 ada yg makan di tempat di terimaðŸ¤ â€¦",,,negatif,,,,0,0,2,0,0
"Pelayanan bagus smua, yg kurang cuma pas nyiapin makanan lama poll meskipun sudah pindah tmpat tetep lama wkwkw, klau mau makan gacoan hrus sabarr, pling cpet dteng makanannya 1jamman. Trus juga tmpat duduk maksimal cuma 4 orang huhu syang â€¦",,,negatif,negatif,,,0,0,2,2,0
Pelayanannya cepat dan rasa makanannya tetap mulai dari dulu sampe sekarang,netral,,positif,,,,3,0,1,0,0
"makanann terlopp lop, dekatt darii sekolaa, menyalaaa gacoan kuhhðŸ˜‹ðŸ˜‹ðŸ˜‹ðŸ˜‹ðŸ˜‹ðŸ˜‹ðŸ”¥ðŸ”¥ðŸ”¥ðŸ”¥ â€¦",positif,,,netral,,,1,0,0,3,0
"tempatnya oke bgt sekarang, untuk rasa gausa diraguin lagi",positif,,,positif,,,1,0,0,1,0
Pelayanan presenter sangat ramah bekerja dgn tulus,,,positif,,,,0,0,1,0,0
"tempat nya nyaman, bersih, dan pelayanannya juga baik",,,positif,positif,,,0,0,1,1,0
Pelanyanannya memuaskan tempat nya enak,,,positif,positif,,,0,0,1,1,0
"Sesuai hastag "" Mie Pedas no 1 di Indonesia "" , kualitas dan pelayanan sangat diutamakan , rasanya nikmat , sangat reccomended untuk kluarga , teman , dan pasangan.",positif,,positif,,,,1,0,1,0,0
"nunggu hampir sejam, diduluin sama pelanggan lain yang dateng setelah kita, kayaknya cuma di cek meja mana yang udah ada pesenannya atau belum ya sistemnya, karna meja kita tergolong di tengah meanwhile pelayannya cuma ngeliatin dari pinggir mana yang belum dapet mie nya",,,negatif,,,,0,0,2,0,0
"Makin lama makin kacau, nunggu mie nya datang hampir 1 jam.. yang dateng belakangan malah dapat duluan... Tolong dong",,,negatif,,,,0,0,2,0,0
Pelayanannya sangat ramah dan rasa mienya enak,positif,,positif,,,,1,0,1,0,0
Mie gacoan enak bangett favorit disegala mie paling enak mie gacoan,positif,,,,,,1,0,0,0,0
"makanannya enak, pelayanan baik wajib cobain kesinii",positif,,positif,,,,1,0,1,0,0
"cepet buka tempat barunya, biar ga antri meja huhuuu",,,,negatif,,,0,0,0,2,0
"Mie Paling Laris dan banyak diminati masyarakat. Tempat di sini luas. Pelayanan oke. Sip dah. Makanan juga datengnya GK lama"". Enak dah pokok. Tapi yaa harus sabar antrinya..",positif,,positif,positif,,,1,0,1,1,0
Pelayanannya cukup ramah dan baik,,,positif,,,,0,0,1,0,0
"Lama tidak kesini, kapan hari kesini pelayanan oke
Staf nya ramah saat di mintai tolong
Sippp",,,positif,,,,0,0,1,0,0
"Saya ke gacoan jam 21.45 kamis 10 april 2025, Gacoan yg baru banyak asep roko (yg ngerokok pelanggan nya yg makan di tempat) , trus mbk2 yg di depan itu ga bilang klk antri meja dulu baru ke kasir, diem aja trus ga ada tulisan dine in antri â€¦",,,negatif,negatif,,,0,0,2,2,0
"makannya enak,rasanya konsisten dan pelayanan sangat ramah",positif,,positif,,,,1,0,1,0,0
"pelayanannya ramah, makanannya enak",positif,,positif,,,,1,0,1,0,0
"overall 100% tempatnya cozy, dari hospitality pelayanannya, rasa makanan minuman, playlist musiknya jg ok banget. definitely would repurchase & jd langganan ke sini",positif,,positif,positif,,,1,0,1,1,0
Makanannya mantapðŸ‘ðŸ«° â€¦,positif,,,,,,1,0,0,0,0
Pelayanannya sangat cepat tempat nyaman,,,positif,positif,,,0,0,1,1,0
pertahankan kualitas makanan dan servis ðŸ™‚ â€¦,netral,,netral,,,,3,0,3,0,0
"Makanan nya enak , pelayanan ramah",positif,,positif,,,,1,0,1,0,0
Dapat tempat di pojokan untuk 2 orang dengan meja sempit sedang yg lain dapat meja dan kusi yang lebih nyaman. Benar-benar mepet tembok dan tidak ada senderan. Semua sistematis dan teratur namun kurang menyenangkan untuk pelanggan,,,,negatif,,,0,0,0,2,0
"Untuk makananya gausah di rating udh pasti enak rate bintang 5
Untuk Tempatnya bagus aesthetic dan luas tapi untuk pelayananya mohon ditingkatkan biar yang mau menikmati hidangan nya ngga nunggu terlalu lamaðŸ˜ðŸ˜ðŸ™ðŸ» â€¦",positif,,negatif,positif,,,1,0,2,1,0
Tempatnya nyaman. Makanan enaak.. pelayannya ramah & gercep,positif,,positif,positif,,,1,0,1,1,0
"Makanannya enak"" harganya worth it. Pelayannya ramah"" cuma yang bagian KASIR GALAK BGT. TakoootðŸ™ƒ â€¦",positif,positif,negatif,,,,1,1,2,0,0
"Batal makan gara"" rame tetep dikenakan parkir alasannya udh dpt karcis. Kita gatau rame/ngganya karna masuk dpt karcis trus parkir trus masuk br tau. Enakan dulu, kalau rame ngga jadi makan tinggal ngomong pak parkirnya dan ga bayar.",,,negatif,,,,0,0,2,0,0
Favoritnya banget dah jadi tempat andalan dikala tanggal tua gk takut  dompet kering karna worith bgt harganya ramah dikantong. Tempatnya bersih dan nyaman rasanya juga enak banget konsisten gk pernah berubah. Pelayanannya super Baaik dan ramah. Semangatt buat karyawan nya,positif,positif,positif,positif,,,1,1,1,1,0
Semua layanan baik dan sopan dan makanannya enak dan bikin nagih next time mampir lagi,positif,,positif,,,,1,0,1,0,0
"enak banget, pegawainya ramahâ€",,,positif,,,,0,0,1,0,0
Makanan enak. Pelayanan cepat saji. Recommended,positif,,positif,,,,1,0,1,0,0
"Saya OJOL. cuma di gacoan untuk print nota harus nunggu driver datang Dan antri. Tolong SPV dievaluasi lagi. Masa kalah sama mie"" pedas lainnya. â€¦",,,negatif,,,,0,0,2,0,0
"Terlalu sempit tempatnya
Makannannya gak seenaknyg di bali
Sangat kurang memuaskan",negatif,,,negatif,,,2,0,0,2,0
"tempatnya bagus,cocok buat nongkrong, makanannya enak dan harganya terjangkau,nagih deh pokoknya",positif,positif,,positif,,,1,1,0,1,0
"Apakah bisa cod kak, caranya gimana ya kalo pesen dari rumah?",,,,,netral,,0,0,0,0,3
Pelayanan cepat ramah dan bisa mengayomi customernya. Ga salah pilih tempat sih kalo cari makanan yg berbau dengan mie yaa selalu gacoan juaranya,,,positif,,,,0,0,1,0,0
"pelayanan nol, uda antri panjang sampe depan, malah diuruh balik antre untuk nomer meja. utk pelayan tidak ada yang mengkonfirmasi untuk mengambil nomer dulu, setelah sampe depan untuk antrean pesan menu malah disuruh balik. pelayanan tamabh sangat buruk",,,negatif,,,,0,0,2,0,0
"pelayanannya sangat ramah,makanannya enak bngt the best",positif,,positif,,,,1,0,1,0,0
"Murahh banget mienya, minumannya juga. Es pocong favorit dehh. Tapi mienya agak kebanyakan minyak ya.....",negatif,positif,,,,,2,1,0,0,0
"Mie nya enak tapi tadi asin, pesen yg hompimpa",negatif,,,,,,2,0,0,0,0
"mie gacoannya enak, dan nikmat
dan hrga nya pun jg terjangkau.",positif,positif,,,,,1,1,0,0,0
Mantap dan ramai seperti mie gacoan pada umumnya,,,,positif,,,0,0,0,1,0
Sumpah tempat seluas ini pelayanan lama pol kayak gak siap buka. Minimal kalo kerja di food & beverage bisa meminimalisir dong kan ini berhubungan dengan kebutuhan makanan (lapar). Tolong diperbaiki ya Manajar,,,negatif,negatif,,,0,0,2,2,0
"Mienya enk sih,cuma ya ampun ruame banget
Keknya ga deh kalo antri panjang"" cuma buat makan mie
Layanannya juga tolong aga cepat,kasihan kalo orang bawa ank kecil keburu rewel .",positif,,negatif,,,,1,0,2,0,0
Tempatnya bersih dan ramah,,,,positif,,,0,0,0,1,0
"baru sekali dine in, lamaaaa banget sampe sejam nunggunya. order di jam 20.27 sampe post ini jam 21.27 blm dateng2 juga mie nya. kalo emang di dapur ada kendala kompor rusak tiba2 mati, kasih tau dong. tadi udah nyamper pegawainya. cuma â€¦",,,negatif,,,,0,0,2,0,0
Saya pikir pindah tempat bakalan tambah enak ternyata ribet seharusnya ada penjelasan kalo pesen lewat scan barkot soale bru prtama kesana ke tempat yg baru terus gk tau kalo pakek scan alhasil dari jam 2 smpek habis magrib baru bisa makan â€¦,,,negatif,,,,0,0,2,0,0
Alhamdulillah. Ternyata makan di gacoan PB Sudirman GPL gapake lama ...... Puas .mbak nya juga ramah looh,,,positif,,,,0,0,1,0,0
"pelayanannya sangat baik, membantu orang yang kesusahan saat memesan",,,positif,,,,0,0,1,0,0
"Pertama kali dateng ksini,makanannya enak, harga worth it ,dan banyak variannya.
Sukses dn tambah rame ya mie gacoan..",positif,positif,,,,,1,1,0,0,0
"Pelayanan lumanyan cepat.

Rasa mienya sama dengan cabang lain. â€¦",netral,,positif,,,,3,0,1,0,0
"mantap, tp saran aja ditambah meja besar biar yang mau makan beramai-ramai ngga kepisah jd ga seru xixi",,,,negatif,,,0,0,0,2,0
"Skedar saran aja sih klk smisal tempat duduk/meja makan buat customer kurang banyak dan coba banyakin aja pasti makin rame, soalnya klk makanan ok sih tp minus tempat aja â€¦",netral,,,negatif,,,3,0,0,2,0
"makanannya enak dan murah,  tapi lumayan lama nunggu makanannya dateng mau dine in atau delivery",positif,positif,negatif,,,,1,1,2,0,0
"pelayanannya sangat baik,harga sesuai kantong,tempat nya nyaman dan bagussssðŸ¤— â€¦",,positif,positif,positif,,,0,1,1,1,0
"Enak banget mie nya, pelayanannya cepet, suasanya enak banget buat makan apalagi sore2",positif,,positif,,,,1,0,1,0,0
Makanannya enak dan pelayanannya baik,positif,,positif,,,,1,0,1,0,0
"enak poll, pelayanannya ramah bngtttðŸ˜ â€¦",positif,,positif,,,,1,0,1,0,0
"Ramah, dengan tempat yang bersih recommend banget buat Dateng kee sinii siiðŸ˜» â€¦",,,positif,positif,,,0,0,1,1,0
"Makanan over all enak
Soale harga cocok untuk anak kos dan anak sekolah
Pelayanannya jg cepet",positif,positif,positif,,,,1,1,1,0,0
"Enak sih gacoan disini, rasanya, pelayanannya, semuanyaa pokoonya daripada sebelum pindah itu. Aku garis bawahi 'pelayanan' nya, karena disini lebih tertata, pesen lewat barcode, jadi kalo mau bayar bisa tunai or nontunai, tinggal nunggu pesenan diantar/ngambil. Gausah antriÂ² kayak duluuðŸ˜­ â€¦",positif,,positif,positif,,,1,0,1,1,0
"Makanannya enak, pelayanan ramah pokoknya thebest",positif,,positif,,,,1,0,1,0,0
"Varian mi gacoan sekarang berubah rasa manisnya tidak terasa asinnya lebih kuat n warna pucat tdk menarik, apa ganti merk kecap ya?",negatif,,,,,,2,0,0,0,0
"makanannya enak, yempatnya bersih, pelayanannya cepat",positif,,positif,positif,,,1,0,1,1,0
"Rasanya enak,tapi kadang untuk mie gacoannya agak pucat kurang kecap,tapi favorit disini sih mie hompimpa",negatif,,,,,,2,0,0,0,0
"Tempat nya enak, sih, luas. Jadi, walaupun rame suasananya tetap nggak kerasa pengap nya",,,,positif,,,0,0,0,1,0
yang gasuka gacoan majuuuuuuuuuu siniiiii gacoannn bestttttttttttttttt banget banget bangetttt,,,,,positif,,0,0,0,0,1
Pesen udah nunggu Sampek 1jam setengah komplain 3 kali Sampek kursi belakang samping ganti orang malah dapet makan duluan kita komplain gak udah 2 kali gak dapet makan baru ke 3x baru dikasih sedangkan udah diloncati berapa orang aja yang â€¦,,,negatif,,,,0,0,2,0,0
"Gacoan jember harus berbenah saya suka dengan mie nya tapi tidak dengan pelayananya, kapan pelayananya bisa cepat kayak wizzmie harusnya tempat yang baru dan lebih luas pelayanan nya bisa lebih cepat bukan lebih lama dari toko yg sebelumnya â€¦",positif,,negatif,,,,1,0,2,0,0
"selalu enak, pelayanannya juga ramahðŸ¤© â€¦",,,positif,,,,0,0,1,0,0
pelayanan baik rasa tetap sama dan recomended,positif,,positif,,,,1,0,1,0,0
"tempat yang sekarang lebih luas apalagi parkirannya, sudah tidak desak-desakan seperti sebelumnya. antriannya juga tidak mengular dan pelayanan lebih cepat",,,positif,positif,,,0,0,1,1,0
"Enak buat tempetnya karna luas dan parkiran nya juga luas tapi pelayanannya lumayan agak lama, buat yang laper banget sih aku saranin jangan makan disini soalnya lumayan lama datengnya. Pasti yang dateng dulu minumannya kadang sampe â€¦",,,negatif,positif,,,0,0,2,1,0
"Penasaran sama wizzme, dan ternyata cukup memuaskan. Dari semua menu yang dipesen, rasanya oke semua, enak. harganya juga masih affordable. Tempatnya luass, jadi ga dempet dempetan banget kalo lagi makan. Vibesnya enak, ga terlalu bising. â€¦",positif,positif,,positif,,,1,1,0,1,0
Menu andalan disini mie dengan berbagai level. Ada juga rice bowl sambal matah. Ada juga ice cream. Untuk minuman ada berbagai pilihan. Tempatnya luas & nyaman. Parkir mudah & nyaman karena ada tukang parrkinnya..,netral,,,positif,,,3,0,0,1,0
"Cepet juga mienya dateng ga sampe 5menit duduk, tapi nunggu minumannyaaaa lamaaaa mienya udh setengah jalan abisnya, minumannya baru dateng..
Next mungkin lebih diperhatikan lg yaa.. â€¦",,,negatif,,,,0,0,2,0,0
"Pelayanannya bagus, menunya juga enak dan banyak varian baru, rasa dan porsi tidak berubah, ada kemajuan dari kasir yg bernama UUS dia ramah dan murah senyum saat melayani customer, salut karna mulai ada perubahan, tetap konsisten dalam melayani customer buatlah customer menjadi nyaman",positif,positif,positif,,,,1,1,1,0,0
"rasa makanan enak semua, pelayanan ramah dan tempatnya nyaman",positif,,positif,positif,,,1,0,1,1,0
"Okay guys, sekarang sudah kunjungan ke sekian kalinya di wizzmie cabang jember
",,,,,positif,,0,0,0,0,1
"halo, semoga ulasan ini dibaca chef nya atau siapa aja yg bikin dehhh. untuk mie nya sih oke, tapiiiiii untuk ""spicy chicken wings"" kirain bakal sesuai namanyaa yg ""spicy"" tapiii nggakkk sama sekaliii, ini saosnya manis banget pliss??, kek â€¦",negatif,,negatif,,,,2,0,2,0,0
"Tempat nyaman, pelayanan cepat, makanan cukup bervariatif. Cuman kalo lg ada acara seperti hari ini pesanan jd lama dan pesanan minuman dan es krim terlewat tidak diantar sampai makanan kami habis. Semoga ada perbaikan yang lebih baik ke depannya.",netral,,negatif,positif,,,3,0,2,1,0
"Rasa mienya gak jaoh beda sm yg itu, tapi disini lebih enak suasananya krna gak serame yg itu, cocok untuk kaun introvert yg pingin makan diluar dengan tenang",netral,,,positif,,,3,0,0,1,0
"lebih suka ke Wizzmie Jember sekarang dibanding kompetitor sebelahnya karena variasi menunya menang lebih banyakan. nggak cuma mie pedas, tapi ada sushi crispy, dimsum udang keju yang tetap jadi favoritku, sampai rice bowl dan gelato buat â€¦",positif,,,,,,1,0,0,0,0
Tempatnya nyaman ... Makanane enak,positif,,,positif,,,1,0,0,1,0
"Ada orang pesen tanpa antri padal ada antrian dibelakang, masih diterima aja sama kasirnya. Seharusnya kasir mendahulukan yang antri dong. Mbaknya gabisa tegas, dan responnya kurang pas tanya soal promo",,,negatif,,,,0,0,2,0,0
"Tolong dong di menu pemesanan lewat websitenya di tambah keterangan,
(Kalo mie disko sama mie goyang itu beda) Karena di foto menu nya mirip2",,,negatif,,,,0,0,2,0,0
"per mie mie an pedasðŸŒ¶
sukakk kalo ke wizzmie nih pilihannya banyakk.. ga hanya beli mie atau pun pelengkap kaya udang/lumpia keju tapi disini jg ada menu kaya sushi sama spicy â€¦",positif,,,,,,1,0,0,0,0
"selalu gaenak hati kalo takeaway sendiri mending ojol
1. bayar parkir tp ga dibantuin ngeluarin peda cuma di sebrangin kadang sebaliknya â€¦",,,negatif,,,,0,0,2,0,0
"Wizzmie Jember tuh recommended banget! Mienya enak, teksturnya pas, pilihan menu banyak, dan level pedasnya bisa disesuaikan selera. Tempatnya bersih, nyaman buat nongkrong, dan pelayanannya juga ramahâ€”plus ada menu unik kayak gelato dan rice bowl yang nggak kalah juara. ðŸ˜‹ â€¦",positif,,positif,positif,,,1,0,1,1,0
"Makanannya enakk, tempatnya cozy, cocok buat kumpul teman ataupun keluarga, karyawan juga ramah",positif,,,positif,,,1,0,0,1,0
"Tempat nyaman dan bersih,pelayanan baik
Untuk rasa lumayan lahh hehe
Harga sangat"" TerjangkauðŸ˜ â€¦",positif,positif,positif,positif,,,1,1,1,1,0
"Salah satu tempat rekomendasi yang harus dicoba. Tempatnya nyaman dan untuk rasanya tidak perlu diragukan lagi, bisa request sesuai keinginan.
Pelayanan yang disajikan serta staffnya semua sangat baik dan ramahðŸ˜† â€¦",positif,,positif,positif,,,1,0,1,1,0
Dibandingkan sama merk sebelah G rasanya beda tapi sama2 enak. Untuk pangsitnya dia isinya bukan ayam tapi kyk isi dimsum yg udang2an gitu. Tapi enak juga kok. Harga standar mie2 sejenis lah ya. 20k udah bisa buat beli satu mie sama satu â€¦,positif,netral,,,,,1,3,0,0,0
"Suka bgtt sama menu-menunya ðŸ˜ terutama rice bowl, dimsum, sama gelatonya (+mba mba gelato mba Putri Amalia mba Uus aduh sama sp lg yh lupa pokok asiquee bett daahh) yuhuu ga bosen ke sini tempatnya nyaman bgttt ðŸ‘ðŸ‘ tp klo bisa sih playlist nya pake artis2 indo yhh jgn dj bule muluu ðŸ˜¥ â€¦",positif,,positif,positif,,,1,0,1,1,0
"Saya take away rice bowl sambel matah, pas sampai dirumah dibukak gaada ayamnya",,,negatif,,,,0,0,2,0,0
"Hanya sebatas berbagi pengalaman.
Pengalaman kurang mengenakkan yg saya alami  setelah kuliner diberbagai tempat, dari kober, gacoan, spicy, dll, baru kali ini saya dilayani dengan wajah ketus â€¦",,,negatif,,,,0,0,2,0,0
"Tempat aesthetic, nyaman, soal rasa pas enakk polll+++",positif,,,positif,,,1,0,0,1,0
"Mie nya enak sesuai lahh, suasannya juga enak pas buat nongs sama keluargaðŸ¤—ðŸ¤— â€¦",positif,,,positif,,,1,0,0,1,0
"Untuk menu ok
Cumannnn
Kalo ada boking acara, tolong yg pesan secara langsung juga di utamakan, karna baru kali ini saya nunggu makanan hampir 1jam",netral,,negatif,,,,3,0,2,0,0
"pelayanannya satset, ngga pake antri lama walaupun pengunjung lagi banyak. tempat bersih, nyaman, ngga lengket guys mejanya, jadi makan tuh enak aja.
pegawai2nya wajib naik gaji karena super ramah & helpfull ðŸ’›ðŸ’“â­ â€¦",positif,,positif,positif,,,1,0,1,1,0
"Tempat bagus, untuk rice bowl nya flop bgt kak. Saya pesan rice bowl sambal matah, ayamnya dikit bgt udah gitu kecil kecil bgt bisa dihitung jari. Porsi nasi dikit bgt, sambal matahnya bau terus coklat warnanya kak kyk udah lama buatnya. â€¦",negatif,,,positif,,,2,0,0,1,0
"Harga menu sangat terjangkau, tempat nyaman luas.",,positif,,positif,,,0,1,0,1,0
Nyobain wizzmie pertama kali. Lumayan enak dengan harga yang terjangkau. Tempat bersih krn tidak ada tisu2 di lantai krn pegawai gercep untuk membersihkan,positif,positif,positif,positif,,,1,1,1,1,0
"Pelayanannya ramah dan pemesanannya cepat.

Anak saya smpai habis smua â€¦",,,positif,,,,0,0,1,0,0
"Wowww pelayanannya bagusss dan cepet bangettt!! pelayan nya juga semua ramah dan baik, toiletnya bersihh, tempatnya sangat nyaman untuk kumpul keluarga, makanannya enakk udang kejunya kejunya berasaa bangett mantab, untuk range harga segitu dengan pelayanan yg bagus dan makanan enak ga mungkin ga repeat order ðŸ’— keep up the good work ðŸ‘ðŸ» â€¦",positif,netral,positif,positif,,,1,3,1,1,0
Menurut saya sudah enak tetapi untuk menu dimsum yg goreng kurang panas. Apalagi saya pesan dimsum udang keju. Dulu pas waktu tahun 2024 kesini kejunya lumer dan pasti masih panas. Tapi sekarang sudah tidak lumer dan tidak panas,negatif,,,,,,2,0,0,0,0
"sebenernya makanan lebih ke moody, yg bikin ak jarang bgt kesini. rasanya awal2 tuh enak bgt! makin lama beda beda, kaya beda chef beda rasa aja. jd mungkin bisa jadi pilihan makan kl bosen di yg biasanya â€¦",negatif,,,,,,2,0,0,0,0
"Makanannya enak dan harganya sangat terjangkau, suasana dan tempat nyaman, untuk pelayanan lebih ditingkatkan lagi, karna lumayan lama menunggu pesanan, overall ok, puas ðŸ‘ðŸ» â€¦",positif,positif,negatif,positif,,,1,1,2,1,0
"pelayanan mantab, rasanya enakk bangettt !!!",positif,,positif,,,,1,0,1,0,0
"enakk, pelayanannya juga baguss banget ueueue, mie nya pedes bgt gelo enak mwah lovyu wizzmie",positif,,positif,,,,1,0,1,0,0
"Pelayanannya ramah banget, Sangat direkomendasikan! Tempatnya bersih, estetik, dan stafnya profesional. Harganya juga terjangkau buat pelajar",,positif,positif,positif,,,0,1,1,1,0
"Tempatnya nyaman. Cocok buat ngajak anak kecil karna ada menu gelato juga. Rasa mienya juga lumayan enak lah. Porsi juga banyak. Lemon tea ice paling enak dr pada tempat mie lainnya. Cuma sayangnya untuk hot lemon tea pahit, saran aja sih lebih baik untuk lemonnya dikasih pas sesudah nuang air panas aja.",negatif,,,positif,,,2,0,0,1,0
"Rasa lumayan,
Hrga standart. â€¦",netral,netral,,,,,3,3,0,0,0
"Gapapa antri agak panjang ya, dan lama, tapi jujurly pelayannya cepat dan satset juga
Untuk tempat makan juga banyak â€¦",,,positif,positif,,,0,0,1,1,0
"pertama kali nyobain wizzmie, kasirnya kurang sat set bgt, emang si pas nyobain pas antri bgt kmrn tp saya dan tmn saya ttp sabar krna lg pengen bgt nyoba, dan yg paling mengecewakan udah antri sejam kurang, makanan dateng sejam lebih, eh makanan yg dateng (dimsum) dalam keadaan dingin semuaðŸ˜­ðŸ¥¹ â€¦",negatif,,negatif,,,,2,0,2,0,0
"Pelayanannya ramahh, tempatnya bersihh cozy, banyak pilihan menunya, makanan dan minumannya enak2!!",positif,,positif,positif,,,1,0,1,1,0
"Tempatnya luass, terus di belakang ada outdoornya juga jadi angin tetep masuk. ga gerah samsek. dimsum sm genk sushi nya enak enak. mie nya gausah ditanya enak juga. kmrin ga abis trs minta take away cuma nambah seribu doang buat kotak nya. mantep ðŸ™ðŸ» â€¦",positif,,,positif,,,1,0,0,1,0
"Tambahkan discount banyak banyak
Makanan saya sampai habis",,netral,,,,,0,3,0,0,0
"Udah beberapa kali ke sini, semuanya oke sih, mungkin yg kurang di bagian beres2 piring kotor aja, ga parah banget cuma kadang kalo lagi rame biasanya pas kita mau duduk masih ada piring sama gelas kotor yg belum diberesin",,,,negatif,,,0,0,0,2,0
Enak sih tempatnya nyaman banget dan pelayanannya ramah banget dan cepet juga pesenannya dateng,,,positif,positif,,,0,0,1,1,0
"Suasana santai, harga ramah kantong, makanan enak, fusion indonesia japanese",positif,positif,,positif,,,1,1,0,1,0
"Saya kesini karena diajak saudara saya. Dia sudah beberapa kali makan di tempat ini dan mengatakan bahwa makanannya enak. Mungkin kali ini saya akan cerita sedikit pengalaman saya saat ke Wizzmie. Saat kami tiba, kami langsung diarahkan â€¦",positif,,,,,,1,0,0,0,0
"Rasa mienya cukup enak, hanya saja untuk hot orange nya cukup asam dan gula yang diberikan hanya satu pcs jadi tidak cukup untuk membuat rasa minumannya manis.
Suasana restonya cukup nyaman dan dekorasi dan penataan ruanganya cukup bagus. Akan tetapi untuk tisu tidak disediakan di semua meja",positif,,,negatif,,,1,0,0,2,0
"Tempatnya bersih dan enak,pelayanan nya oke.rasanyaaa enakk",positif,,netral,positif,,,1,0,3,1,0
Tempatnya enak bgt buat duduk dan bareng keluarga karna g se crowded tetangga ya. Luas dan ada area outdoor di tengah jd angin sepoi-sepoi. Untuk makanannya variatif bgt ga mie doang. Ada sushi yg sesuai harganya ya. Unikny jg size â€¦,netral,positif,,positif,,,3,1,0,1,0
"Pelayanan bagus, makanan enak, suasana oke. Recomended ðŸ‘ â€¦",positif,,positif,netral,,,1,0,1,3,0
Suasana yang nyaman dan kondisi yang selalu bersih membuat konsumen merasa diistimewakan ðŸ‘ðŸ¼ðŸ‘ðŸ¼ â€¦,,,,positif,,,0,0,0,1,0
"makan dine in sendiri, tapi pelayanannya ampun lama banget.. minumnya udah dateng duluan, tapi mienya belum dateng sampe 30 menit lebih, malah pesenan takeaway udah siap duluan.. pesenan belum pada di anter malah ngerayain customer ultah sampe 2Ã—, customer yg dateng setelah aku sampe udah di anter duluan.",,,negatif,,,,0,0,2,0,0
"MOD atas nama agus kalo ga salah tolong di tegur dong
Saya makan disana tgl 05 November 2025 jam 21.30 an, masak seorang manager ke kitchen ga pake masker dan topi? Trus yaaa dia ga make handglove tp megang produk, â€¦",,,negatif,,,,0,0,2,0,0
"pesanan lama padahal pengunjung nya sepi,pelayanan nya juga kurang ramah",,,negatif,,,,0,0,2,0,0
"Makanan:

Mienya enak bgttt, citarasanya tuh pas, ngebland jdi satu love it bgtâ¤ï¸. â€¦",positif,,,,,,1,0,0,0,0
"Makanan (mie dimsum dll) enak, tempat luas, pelayanan jg agak cepet kalau dibanding yang hampir mirip. ðŸ˜… â€¦",positif,,positif,positif,,,1,0,1,1,0
Niat hati mau makan cepet karena liat antrian gabegitu panjang dari pada lapak sebelah ehh ternyata nunggunya lama banget!!! garekomend buat yang udah bener bener laper padahal kalo dibanding lapak sebelah antriannya lebih banyak sana tapi â€¦,,,negatif,,,,0,0,2,0,0
"Mantab banget pelayanannya , makanannya enak beutt ðŸ¥°ðŸ¥° â€¦",positif,,positif,,,,1,0,1,0,0
"Melakukan pemesanan dari jam 7 untuk minuman dan dimsum sudah datang setengah jam berikutnya tapi untuk mie yg kami pesan belum datang, sudah menunggu 1,5 jam konfirmasi dengan waiters terkait pemesanan di suruh nunggu sebentar. â€¦",,,negatif,,,,0,0,2,0,0
"Update Tgl 27/09/23
Beli menu yg sama dan ada tambahan dimsum. Untuk rasa enak banget. Untuk menu yg lain ada peningkatan rasa dan cara pengolahan. Kecuali bagian udang. ",negatif,,,,,,2,0,0,0,0
"Pelayanan ramah, menunya enak enak, cuman pelayanan di kasir agak sedikit lama. Tapi masih aman lah dengan kualitas pelayanan yg lain",positif,,negatif,,,,1,0,2,0,0
"Kali ini ga nge Mie.. Emang niat ngopi di sini..  Latte, cappuccino nya recomended standart tidak mengecewakan.... Murah meriah.. 11K",positif,positif,,,,,1,1,0,0,0
"pelayanan bagus, makanan enak, tempat bersih",positif,,positif,positif,,,1,0,1,1,0
Tempatnya nyaman dan dekorasinya bagus buat spot foto. Menu makanan dan minuman enak sesuai dengan harga. â€¦,positif,netral,,positif,,,1,3,0,1,0
"Ambience nya adem dan asri, meski ngga pake ac ngga panas..
Makanannya lumayan enak + murah.. rasa mirip merk sebelah g*c**n.. tapi menu lebi variatif ada gelato, cofee dan sushi.. â€¦",positif,positif,,positif,,,1,1,0,1,0
"Tempatnya sangat nyaman, menu banyak variant nya. Mantap !!!",netral,,,positif,,,3,0,0,1,0
"Dibandingkan resto per-Mie-an sebelah yang juga samaÂ² ramai di kota ini, tempat ini memiliki lahan parkir yang lebih luas (kalo untuk roda 4 agak terbatas sih ya),  pun di dalamnya yang selain luas juga ditata dengan apik, cozy, dan lega.. â€¦",,,,positif,,,0,0,0,1,0
"Pelayanan memuaskan, makanan diantar tanpa harus nungguin sampe bete dan diantarnya urut sesuai antrian di kasir. Tempatnya luas, suasananya nyaman banget buat makan-makan sambil ngobrol bareng temen-temen. Menunya lebih bervariasi ",netral,,positif,positif,,,3,0,1,1,0
Pelayanan ramah dan cepat menunya enak,positif,,positif,,,,1,0,1,0,0
"pw banget, di sini apalagi buat nugas. makanannya enak-enak jugaa. semoga nextime jadi lebih rame kaya awal-awal buka. sukses terus yaaaaa",positif,,,positif,,,1,0,0,1,0
"Enakkk bnget... Baru pertama kali kesini .. pelayanan nya juga baik dan ramah"" syuka bnget â™¥ï¸luvvv",positif,,positif,,,,1,0,1,0,0
"makanannya josjisssðŸ‘ðŸ»ðŸ‘ðŸ»ðŸ‘ðŸ»
karyawannya ramah2.. mbak CSnya juga telatenn ke customerâ˜ºï¸
dabesstttt pokonya buat wizzmie 1 iniðŸ¤™ðŸ» â€¦",positif,,positif,,,,1,0,1,0,0
"Overall is good. Nyobain Sabtu, 22 Juli kemaren jadi masih bauÂ² opening, alhasil antri poll. Alhamdulillah pelayanannya satset, interiornya bisa dinikmati jadi ga bikin badmood pas nungguin hidangannya. Luas juga tempatnya, parkirannya aga â€¦",,,positif,positif,,,0,0,1,1,0
"Gamau nyari orangnya, sampek kudu disamperin dan bilang mienya masih dimasak padahal orangnya yang gaketemu. Sampek mienya udah dingin dan keras, itupun udang dan minum belum datang. Kudu disamperin berulang ulang. Jadi ga mood mau makan",negatif,,negatif,,,,2,0,2,0,0
"Tempatnya nyaman, makanannya enak, pelayanannya juga cepat
Thank you wismieeeeeðŸ¤ðŸ¤ â€¦",positif,,positif,positif,,,1,0,1,1,0
"Pelayanan ramah , staff gercep, tempat nyaman dan bersih",,,positif,positif,,,0,0,1,1,0
"Tmptnya nyaman suka deh, banyak spot buat foto. Karyawan jg ramah dan sigap, td dikirain kehabisan kursi lgsg mau dibantu cariin kursi wkwk. Tekstur mienya kenyel dan ga keringg.. ukuran gelas minumannya besar, worth it sm harganyaa",positif,netral,,positif,,,1,3,0,1,0
"Tempatnya nyaman, makanannya enak, Recomend ðŸ‘ðŸ‘ðŸ‘ â€¦",positif,,,positif,,,1,0,0,1,0
"Tempatnya luas dan bersih, pelayanan nya cepet. Makanan yang aku pesen:
1. Lumpia udang, untuk rasanya enak. Ukuran standar, harga juga standar.
2. Hip & Roll (sushi Roll), kurang kecap asin. Tapi rasanya not bad, cuma bukan â€¦",positif,netral,positif,positif,,,1,3,1,1,0
"Rasa mie nya ok.
Pelayanannya cepat.
Tempatnya juga ok â€¦",netral,,positif,netral,,,3,0,1,3,0
"Lokasi dekat sekali dengan gerbang unej

Gak cuman mie saja yang disajikan â€¦",netral,,,netral,,,3,0,0,3,0
"pelayanan cukup bad karena ibu Dina si Kasir lebih mengutamakan ibu ibu yg tidak antri dan mempersilahkan ibu yg tidak antri tsb memesan pdhl ada antrian yg panjang. dalam hal ini, saya harap ibu Dina dapat introspeksi diri karena tindakan â€¦",,,negatif,,,,0,0,2,0,0
"Menurut aku cashier nya aga kurang satset yaa, tadi juga pembelian tgl 6 September jam 12.44 dan kasir atas nama kak Dina salah memasukkan pesanan, saya memesan mie disko level 5 dan pas waktu saya pesan beliau lagi ngejawab temennya â€¦",,,negatif,,,,0,0,2,0,0
"Pertama kali ke tempat ini, jujur tempatnya enak banget, luas dan bersih. Pelayanannya juga sangat oke. Semuanya profesional. Nah, untuk rasa makanannya, saya cocok. Enak dan bikin nagih ingin balik lagi ke sana. Tempat parkir juga luas.",positif,,positif,positif,,,1,0,1,1,0
"Tempat nya bagus sangat nyaman apalagi menu nya sangat banyak, view ny juga bagus untuk fotoÂ², pengalaman taun kemaren dateng kesini level kepedasan ny kurang tapi sekarang datang lagi kesini semuanya sudah sesuai dan kepedasan ny sesuai yang di harap kan",positif,,,positif,,,1,0,0,1,0
"Sat set, enak, banyak pilihan",positif,,positif,,,,1,0,1,0,0
Pegawainya baik banget izinin ganti tempat duduk karna tempat dudukku sebelumnya kurang nyaman karna ada gerombolan keluarga yang berisikk. Bintang 5 buat pelayananðŸ‘ â€¦,,,positif,positif,,,0,0,1,1,0
"Makanan enak, pelayanannya sangatt ramahhh, dan seruuu sekaliii. Rekomended bangetttt kesiniiiii.â¤ï¸",positif,,positif,,,,1,0,1,0,0
"Rekomen buat yang mau me time. Tempatnya luas, bersih, rasa mienya enak. Pilihan menunya banyak, sedikit saran untuk rasa pedasnya kurang konsisten. Mohon untuk ditingkatkan dan diperhatikan lagi.",negatif,,,positif,,,2,0,0,1,0
"Hampir 1 jam
Seng masak wiritan sampek numpuk mie ne",,,negatif,,,,0,0,2,0,0
"Soal makanan, minuman, dan atmosfernya udah oke banget. Tapi sayang banget mbak waiters yang baru saja meminta saya review kurang sopan dengan langsung klik post padahal saya mau menambahkan deskripsi yang baik. Semoga mbaknya tidak mengulangi ke customer lain ya. Saya nggak kapok kok makan di sini karena enak banget emangðŸ¥°ðŸ˜ â€¦",positif,,negatif,positif,,,1,0,2,1,0
"karyawannya ramah2, mie nya enak dan kebersihannya terjaga, tempatnya luas banget, gelato matchanya juga enakk, mie disko is always the bestðŸ˜‹â¤ï¸ â€¦",positif,,,positif,,,1,0,0,1,0
"LANGGANAN SETIAP MINGGU BEST BANGET TEMPAT DAN MAKANANNYA
Best banget krunya terutama mbak Putri Amalia, Putri Awaliyah, dan mbak Dina besti â­ï¸â­ï¸â­ï¸â­ï¸â­ï¸",positif,,positif,positif,,,1,0,1,1,0
"Mienye enak
Spicy identiknya kan pedas tapi rice bowl spicy gak pedas ðŸ¥² â€¦",negatif,,,,,,2,0,0,0,0
"bestt sih pelayanannya, mau sepi ataupun rame ttp cepett penyajiannya",,,positif,,,,0,0,1,0,0
"Enak sih mienya, jujur lebih berasa sedep dibanding rival2nya, cuman pedesnya kurang nampol sih..
Ada eskrim2an sama sushi2an juga â€¦",negatif,,,,,,2,0,0,0,0
"Tolong dalam proses pesanan khususnya online
Dipercepat
Orderan masuk sudah 20 menit â€¦",,,negatif,,,,0,0,2,0,0
"mie nya lumayan, ada menu-menu lainnya seperti pesaing lainnya, namun ada gelato jadi nilai tambahnya. harga cukup bersahabat, tempat nyaman tapi kalau pas ramai harus bersabar, walaupun ramai pelayanan cukup cepat.",netral,positif,positif,negatif,,,3,1,1,2,0
"Mau Pesen Dimsum banyak  biar bisa dimakan sama mienya, tapi ternyata ga dateng2 sampe mienya dah pada abis smuaâ€¦ padahal dah 30 mnt tp ga dateng2.. kayaknya waiternya cuman 2-3 gt kurang gercep,, jd ga enak makan ga lengkap.. krn buat lauk â€¦",,,negatif,,,,0,0,2,0,0
"Sudah langganan di wizzmie sejak pertama bukaðŸ˜†
Pelayanan nya cepetðŸ’•
Tempatnya enak buat makan sekaligus nyantai kerjain tugas/kerjaan â€¦",,,positif,positif,,,0,0,1,1,0
"Untuk tempatnya sangat nyaman dan bersih, pelayanan staff sangat baik namun sepertinya bisa ditingkatkan dengan senyuman hehe, untuk kamar mandi dan mushola sangat nyaman, namun untuk tempat wudhu nya seharusnya bisa ditambah dan di pisah tempatnya laki laki dan perempuan",,,positif,positif,,,0,0,1,1,0
"Gelatonya banyak pilihan rasa, bisa tester 2 rasa juga sebelum nentuin pilihan. ngga ekspektasi banyak sm sidedishnya, tapi ternyata enak bangeeeet sushinya enak juga",positif,,,,,,1,0,0,0,0
"Cocok untuk para pencinta Mie dengan berbagai Variannya, suasana cocok untuk bercengkrama bersama keluarga, layanan ok dan cepat, siipp mantab betul ðŸ‘ðŸ‘ðŸ‘ â€¦",netral,,positif,positif,,,3,0,1,1,0
"Menu nya puas, tampilan makanan menarik bngtz, toilet jya bersih, anakq suka. Tempatnya nyaman bngt, thanks wizzmie jember. SuksesðŸ’– â€¦",positif,,,positif,,,1,0,0,1,0
"staff dan pelayanan nya ramah, makanannya juga pas sesuai harga dan worth it sekaliiðŸ’¥ tempatnya juga nyaman buat ngobrol sama keluarga dan teman teman â€¦",netral,positif,positif,positif,,,3,1,1,1,0
"Tempat duduk dipilihin yg paling belakang, padahal yg didepan banyak yg kosong. Mana ga da yg bantu ngarahin. Pelayan nya juga kurang ramah. Semoga bisa ditingkatkan lebih baik seperti wizzmie di kota lainnya.",,,negatif,,,,0,0,2,0,0
"Mienya enak, mienya lebih tebel dibanding gacoan. Dimsumnya enak banget masih panas dan gurih. Gelatonya enak dan murah. Tempatnya bersih, luas, ada musholla dan kamar mandinya.",positif,positif,,positif,,,1,1,0,1,0
Makanan enak murah meriah mantapp. Penyajiannya cepat mantapðŸ‘ â€¦,positif,positif,positif,,,,1,1,1,0,0
"Over all rasa mantap, g kalah sama yg di kota2 lain, cuman sayang porsi mi goyang nya banyakin dikit dunk., paling tdk sama spt d kota2 lain",negatif,,,,,,2,0,0,0,0
Pelayanan cepat rasanya enak banget harganya sangatttt terjangkauuu. Bahkan mie original cm 9rb. Rasanya enakkk semuaaa. Pasti bingung mau pesen apa krena enak semua,positif,positif,,,,,1,1,0,0,0
"Menu fav disini mie goyang lv.1 sama classic roll. Tempatnya luas, cozy bersih poll",netral,,,positif,,,3,0,0,1,0
"Pelayanannya ramah, suasananya juga nyaman, makanan juga the best sihh",positif,,positif,positif,,,1,0,1,1,0
"Makanan enak, pelayanan ramah sekali, suasana nyaman dan sangatt pas buat tempat kumpul bareng keluarga,sahabatt, atau rekan kerja. Dan untuk lumpia tadi sedikit asin sihh tapi okeelahh masih bisa di nikamati",negatif,,positif,positif,,,2,0,1,1,0
"Tempat nyaman, makanan enak
Rekomend buat yang suka mie",positif,,,positif,,,1,0,0,1,0
"Sudah makan ketiga kalinya disini
Makanannya enak, bumbunya terasa pas, pedesnya nampol sesuai selera ya. Ada banyak macam mie dan dimsumnya, minumannya juga beragam. ",positif,,,,,,1,0,0,0,0
"Mienya kurang rata kalo ngaduk,
Kemarin beli mie goyang, kecapnya kurang rata
Dengan waktu tunggu yang cukup lama, tapi mienya gak rata waktu disajikan
Mohon diperbaiki kembali kualitas makanannyaðŸ™ðŸ» â€¦",negatif,,negatif,,,,2,0,2,0,0
Seneng banget bisa ngasih kejutan buat temenku. Thanks Wizzmie,,,,,positif,,0,0,0,0,1
"Makanannya cukup enak dan suasananya cukup nyaman, namun sayangnya tidak didukung dengan pelayanan yang memadai. kaget, pelayanan sangat buruk, sudah menunggu lama meja tidak dibersihkan, dan harus 3x meminta tolong ke pegawai yang berbeda, dengan jawaban cuek dan kurang memperhatikan kepuasan pelanggan.",positif,,negatif,positif,,,1,0,2,1,0
Oke banget tempat dan makanannya enak & higienis! Best services dari semua staffnya & cepat dateng makanannya. Thank you. Sukses selalu ðŸ‘ðŸ» â€¦,positif,,positif,positif,,,1,0,1,1,0
"Pelayanan ramah, tempat dan suasanya juga nyaman, cocok utk anakÂ² juga...
Minuman berbagai macam varianndan lengkap dgn ice cream..",netral,,positif,positif,,,3,0,1,1,0
"Banyak pilihan menu, harga terjangkau. Best sellernya noodle.",netral,positif,,,,,3,1,0,0,0
"Dari segi pelayanan kasir, makanan, maupun service untuk makanan nya udah enak semua, ga nunggu lama dan rasanya muantuulðŸ˜ tempatnya luas, dan bisa buat makan bareng keluarga karena menunya beragam dari nasi, mie, maupun side dish bisa dinikmati orang dewasa maupun anak kecilðŸ‘ â€¦",positif,,positif,positif,,,1,0,1,1,0
"Dari sering nya makan rice bowl varian saus teriyaki dari berbagai tempat, baru di sini yang aneh, karena dari namanya saus teriyaki tapi setelah di coba malah seperti rasa kecap hitam BangoðŸ¤§ â€¦",negatif,,,,,,2,0,0,0,0
"the best bgt buat wizmie jember nih,
makasih surprisenya buat cowoku, tim nya asik semuaðŸ¤£ free juga kalau birthday surprise â€¦",,positif,,,,,0,1,0,0,0
"enak polll rasanya gk ngebosenin pelayanan nya cepet sama ramah,lovvvv bangetðŸ˜ðŸ«¶ðŸ¼ â€¦",positif,,positif,,,,1,0,1,0,0
"Makanannya enak, mas-mbanya juga ramah poll. Bersih, pas aku dateng kesini juga sejuk. Sangat kondusif dan oke buat dicoba (sendiri asik, rame nggak kalah asik). Worth the price!!!",positif,positif,positif,positif,,,1,1,1,1,0
"Pertama kali dateng ketempatnya bersih, rapi, wah sekali... Pelayananx bagus, ramah... Untuk ceker yang aku pesen hargax 9.5 tapi sedikit bingit n rasax gk worth it menurut q... Parkiranx luasðŸ˜ â€¦",negatif,negatif,positif,positif,,,2,2,1,1,0
"Eeee anuu
Lagi mudik ceritanya, mampir sini â€¦",,,,,netral,,0,0,0,0,3
Chiken wigs nya enak sekali... ukuran besar2 dan rasa meresap sampai dalam.. hanya pelayanan kurang ramah ðŸ™ â€¦,positif,,negatif,,,,1,0,2,0,0
"Mbak sama mas karyawannya ramah betul, suka sekali dah di sini. Tempat nyaman, makanan jg enak.",,,positif,positif,,,0,0,1,1,0
"pelayanan nya ramah, makanannya juga cepet sampai.",,,positif,,,,0,0,1,0,0
"Ga pertama kali ke wizzmie
Karna emang suka bngt sama rice bowl nya
Tapi dari awal kesini kurang suka banget sama pelayanan nya yang gak â€¦",positif,,negatif,,,,1,0,2,0,0
"mie nya enak, pelayanan nya ramah dan cepat",positif,,negatif,,,,1,0,2,0,0
"enak bingitss, tp pelayanan nya lumayan lama",positif,,negatif,,,,1,0,2,0,0
Pelayanan cepat meskipun rame pengunjung dan ramah...tempat nya luas santai rasanya yahuttt....,,,positif,positif,,,0,0,1,1,0
"Tempatnya bagus, nyaman dan makanannya enak. Luas dan pelayanannya sangat ramah.",positif,,positif,positif,,,1,0,1,1,0
"tempat makan mie baru di Jember.  tempatnya nyaman, ketersediaan tempat duduk banyak, parkirnya cukup. Banyak variasi makanan selain mie, ada sushi. Minumannya variatif mulai dari air mineral hingga kopi. oiyaa ada ice cream juga. thankyou",netral,,,positif,,,3,0,0,1,0
"Tempat makannya cozy banget
Tempatnya lapang dan enak buat kumpul bareng keluarga â€¦",,,,positif,,,0,0,0,1,0
"Makanan enak, tempat juga bisa di buat ngopi santai dan bermain untuk anak anak, anakku bilang enak terusðŸ«£ â€¦",positif,,,positif,,,1,0,0,1,0
"Makanannya enak gak ada lawan, pelayanan juga ramah dan bertanggung jawab. Terima kasih buat semua pegawainya yang beri pelayanan perrima",positif,,positif,,,,1,0,1,0,0
Pelayanan memuaskan rasanya enak dan fariasi makanannya neragam,positif,,positif,,,,1,0,1,0,0
"banyak variasi menu, nyaman, pelayanan oke, vibes malam hari cocok banget buat kaum2 introvert ðŸ˜Š â€¦",netral,,positif,positif,,,3,0,1,1,0
"langganan disini, tapi ternyata ada sistem baru, mejanya ditentukan kasir..
posisi sepi bgt, cuma ada 4-5 meja..
setelah pesen tbtb disuruh duduk di tempat yg didlm, yg no smoking, ",,,netral,netral,,,0,0,3,3,0
Recomended bangt.. Makanan cepat diantar.. Kamar mandi n musholla bersih.. Pelayanan juga ramah,,,positif,positif,,,0,0,1,1,0
"tempat nya rapi dan bersih sekali! makanan nya juga enak enak, menunya variatif. harganya juga ramah di kantong para pelajar, pokoknya worth it deh!",positif,positif,,positif,,,1,1,0,1,0
"Minta tolong ke pegawainya untuk hidupin kipas karena panas bgt kipasnya ga ada yang dihidupin, eh tetep ga dihidupin sampe pulang. Gaada konfirmasi juga apa rusak atau ngga kipasnya. Atau emang mau pengiritan jadi kipasnya ga mau dihidupin â€¦",,,negatif,,,,0,0,2,0,0
"Mie nya enak pedes, pelayanan cepat dan ramah, ricebowlnya porsinya lumayan banyak namun saladnya seperti kurang fresh, ada gelatonya juga",positif,,positif,,,,1,0,1,0,0
"Kesini malam minggu antrinya puooll, tapi alhamdulillah masih dapat meja kosong, untuk mie nya lumayan cuman taburan ayamnya agak sedikitðŸ¤­tp es Dj mantab puoll sampek nambahðŸ¤¤ðŸ¤­ â€¦",negatif,,negatif,,,,2,0,2,0,0
"Pelayaanan ramah,,penyajian cepat meski pengunjungnya rame..makanannya mantabbb enak dan gak bikin kantong jebol",positif,positif,positif,,,,1,1,1,0,0
"pelayanan bagusss,cepat penanganannya,sama mienya enak polðŸ¥µðŸ¥°ðŸ«¶sama perdimsuman enakkkkkkkðŸ’–ðŸ’–ðŸ’–tempatnya bersihh jugak â€¦",positif,,positif,positif,,,1,0,1,1,0
"Tempatnya seru, makanannya enak, pelyanannya ramah. RecommendðŸ˜ â€¦",positif,,positif,positif,,,1,0,1,1,0
"Makanannya cocok semua di saya. Pelayanan okey semua. Untuk suasananya apalagi. Luas, ada ruang Outdor nya sukaaa. Gak harus antri lama lama tiap kesini. Jadi gak bosen",positif,,positif,positif,,,1,0,1,1,0
"Salah satu tempat favorit dan aesthetic..
menu disni lengkap bnget, harganya pun worth it,. Kalian harus cobain semua menu.. gak ada yg gagal â€¦ wenaaaaak semuaaah reek .. â€¦",positif,positif,,positif,,,1,1,0,1,0
"Mie favorit anakku, tempatnya luas, bersih, stafnya ramah2 dan penyajiannya gk lama sat set banget ðŸ¥°ðŸ‘ðŸ» â€¦",,,positif,positif,,,0,0,1,1,0
"suasananya nyaman sekali dengan angin sepoi sepoi, makanan nya juga pastinya enak,pelayanannya cepat",positif,,positif,positif,,,1,0,1,1,0
"Makanan cepat dtgnya, pelayanan bagus, tempatnya estetik",,,positif,positif,,,0,0,1,1,0
"Tempatnya nyaman, bersih, pelayanan cepat. Super rekomended",,,positif,positif,,,0,0,1,1,0
"Pelayanannya sangat cepat dan sangat diarahkan, tempatnya bersih sekaligus alat makannya juga bersih, tempatnya juga nyaman tidak berisik",,,positif,positif,,,0,0,1,1,0
Pengalaman saya adalah tempat makan yang sangat berkesan dan makannnya sangat memuaskan,positif,,,positif,,,1,0,0,1,0
pelayanannya baguss dan tempatnya enak sama makanannya enak jugaa harganya worth it bangett sih iniðŸ’—ðŸ’—ðŸ’— â€¦,positif,positif,positif,positif,,,1,1,1,1,0
"Makanan suka. Tp kecewa kak, krna meja yg mau saya duduki ada orangnya dan posisi itu orangnya masi makan. Akhirnya saya ke kasir, dan dsruh tunggu. Saya kira saya bisa duduk dengan bersih dan siap. Tapi ternyta di meja masi ad sisa makanan bekas orang itu. Blm dibersihkan. Saran kak, agar kedepannya lebih diperhtikan lagi yaa kak.",positif,,negatif,,,,1,0,2,0,0
"Enak ,, pegawainya ramah, cepet banget makanannya Dateng...",positif,,positif,,,,1,0,1,0,0
"Tempatnya luas, terbuka ngga pengap. Interiornya juga bagus. Pelayanan sat-set, fasilitas lengkap ada musholanya. Makanannya variatif, gelatonya enak dan terjangkauâœ¨",positif,positif,positif,positif,,,1,1,1,1,0
"jossss, makanan enak, murah, gaperlu nunggu lama dan antri, mbknya kurang senyum dikit",positif,positif,positif,,,,1,1,1,0,0
"Tempatnya bagus luas. Makanannya enak. Hanya saja saran saya untuk kebersihan untuk lebih sat set lagi ya.
Untuk yang lain sudah bagus.",positif,,,negatif,,,1,0,0,2,0
Tempatnya ok banget buat makan rame2 atau sendirian. Mejanya banyak jadi gak kuatir kehabisan meja  â¤ï¸,,,,positif,,,0,0,0,1,0
"Tersedia juga Gelato murah, sushi dan aneka dimsum. Untuk harga murah mulai dari 8 ribuan yg tidak pedas. Soal service, termasuk cepat dalam penyajiannya apalagi minumannya. â€¦",netral,positif,positif,,,,3,1,1,0,0
"Mbak kasirnya minta tolong, sekarang kan mejanya sudah dikasi nomor. Harus ngasi info ke pembeli tempat duduk yg free smoking dan no smooking, karena kedapatan ada yg mmbwa balita kadang kecampur sama yg merokok. Tolong diperhatikan.",,,netral,netral,,,0,0,3,3,0
"enak bgt pelayanannya cepet
tempat luas
100/10",,,positif,positif,,,0,0,1,1,0
"Kalau ke Jember pasti mampir kesini buat makan mie pedas sama rice bowl nya. Over all semua nya enak, cuma satu saja , waktu itu aku pesen minum es lemon tea tapi gelasnya bagian luar disela2 ada kotoran yang nempel sedikit.",positif,,,negatif,,,1,0,0,2,0
"Dimsumnya lebih enak dari g****n. Bumbu chicken wings ala-ala gochujang, kalau ceker pedas bumbunya rasa minyak wijen+kecap inggris.",positif,,,,,,1,0,0,0,0
Tempat nyaman bersih makanan enak gak ngecewain dan pelayanan cepat,positif,,positif,positif,,,1,0,1,1,0
"kalo stok makanan habis mending close aja di gojek, ini saya order jam set 2 makanan datang set 4 sampek kobisa delay selama itu. fyi saya pake ongkir yg express bukan ekonomis ya. saya pesen ceker juga dapet 2 biji doang, mana mahal lagi. ga worth it lah.",,negatif,negatif,,,,0,2,2,0,0
"Makanan semua enak .tempat bersih,nyaman,cmn antrian dikasir kadang agak lama .dan parkiran untuk mobil kurang",positif,,negatif,negatif,,,1,0,2,2,0
Semakin banyak tempat makan mie seperti ini beberapa tahun terakhir. Baru pertama kali dengar merek Wizzmie ini dari medsos saat pertama kali buka di Jember. Saat datang keadaannya cukup ramai karena awal-awal buka memang sedang ada promo â€¦,,,,netral,,,0,0,0,3,0
"Terbaik si mulai dari makanan dan minuman nya, hampir semua yg saya coba rekomended,  mie, rice bowl sambal mata, macam dimsum nya juga oke, gelato juga bervariasi rasanya. Pelayanan cepat, bisa reservasi sebelumnya kalau takut gak dapet tempat, dan sempet ketinggalan HP, ternyata di simpenin sama staff nya, terimakasih",positif,,positif,,,,1,0,1,0,0
"menu andalan setiap ke wizzmie adalah ricebowl dan siomaynya wkwkwk. imo mienya msh dimenangin sebelah. cocok untuk bukber, dr tempatnya banyak pilihan, parkir luas, bersih",positif,,,positif,,,1,0,0,1,0
Tempatnya bersih pelayanan nya baik dan ramah. Suka banget deh. Meskipun baru pertama kali ke sini tpi nyaman bangett. Dan btw ini juga masih baru tempatnya,,,positif,positif,,,0,0,1,1,0
"pelayanannya baikk , kasirnya cantik yang namanya mba indahh , suasananya nyamann , sejuk ,, tenang bangett , enak dibuat pacarann , love banget sama wizzmie",,,positif,positif,,,0,0,1,1,0
"Pelayanan ramah, makanan super enak, tempat bersih",positif,,positif,positif,,,1,0,1,1,0
Tempatnya nyaman dan pesanan cepat sampai. Recommended buat makan dengan santai,,,positif,positif,,,0,0,1,1,0
"pelayanannya ramah, makanannya enak juga, cepat juga datengnyaa. terima kasih",positif,,positif,,,,1,0,1,0,0
"Tempat bersih. Overall makanan enak dgn range harga relatif murah. Cuma sayang bgt pelayanannya kurang menyenangkan. Hari ini kesini dan niatnya pesan air mineral krn tenggorokan lagi kurang enak. Kasir bilang kosong, akhirnya pesan es teh. â€¦",positif,positif,negatif,positif,,,1,1,2,1,0
Tempat nya bagus nyaman makanan nya enak2 n endul pisan pelayanan joss bagus bnget n garcep banget dah murah enak rekomendet banget buat balik lagi ke wizzmie wizzmie jember 10000pp% mantap â¤â¤â¤ðŸ¥°ðŸ¥°ðŸ¥°ðŸ¥°ðŸ¥°ðŸ¥°ðŸ¥°ðŸ¥°ðŸ¥°ðŸ˜‹ðŸ˜‹ðŸ˜‹ðŸ˜‹ â€¦,positif,positif,positif,positif,,,1,1,1,1,0
"ini enak bgt sii, rekomendasiku spicy chicken wings nyaaa, ditambah rice bowl sambel matahnya behhhh combo dah, mantul bgttttðŸ‘ðŸ»ðŸ‘ðŸ» â€¦",positif,,,,,,1,0,0,0,0
"mienya enak, rasanya oke, tingkat kematangan dan tekstur mienya juga oke, cuman kurang cocok di pangsit gorengnya aja, untuk dimsunya so so lah, tapi worth it kok buat di coba, dan masih oke kalo mau balik lagi kesana â€¦",negatif,,,,,,2,0,0,0,0
"Tempat untuk makan sangat luas dan bersih serta parkiran untuk motor cukup besar, ramai tapi nggak yang ramai banget, mie nya okelah dan yang pasti pedes, dimsumnya enak dan harganya terjangkau",positif,positif,,positif,,,1,1,0,1,0
"Pelayanan oke , tempat luas , menu variatif menyesuaikan budget masing masing , parking juga oke untuk kendaraan",netral,netral,netral,netral,,,3,3,3,3,0
Dosa ga sih bikin bumil yg lagi ngidam kecewa ?? Pesanan ga sesuai.. untuk lain kali mohon di cek yg teliti lagi biar ga sampai ketukar. Ketika sampai rumah ternyata ga sesuai . Mau di kembalikan rumah jauh sekali.  Lebih banyak habis bensin nya ketimbang harga makanan ..  nyampe rumah ulekin cabe sendiri itu . Kecewa sama pelayan,,,negatif,,,,0,0,2,0,0
"Makananya samgat enak  pokoknya puas bangetðŸ¥°
pelayananya juga baik ramah bangetâ¤ï¸ â€¦",positif,,positif,,,,1,0,1,0,0
"makanannya enak banget, palayanan oke",positif,,netral,,,,1,0,3,0,0
Paket yang ditawarkan menarik. Rasa bumbu mi nya pedas gurih untuk yang saya pesan menu mi disko dan cabainya bisa disesuaikan berapa. Karyawan ramah dan solutif jika mendeskripsikan menunya,netral,positif,positif,,,,3,1,1,0,0
"Layanan bagus dan ramah, suasana enak buat berlama-lama, mie-nya mantap, pedesnya pun bikin bergoyang. Hanya saran untuk parkir roda 4 sangat kurang",positif,,positif,negatif,,,1,0,1,2,0
Pelayanan nya bagus sekali ikut memberi surprise ultah temen,,,positif,,,,0,0,1,0,0
"Tempat dan suasananya sih cozy, betah kalo buat nongki-nongki. tapi aku kurang suka dengan rasa makanannya. Pesen mie goyang dan udang rambutan, rasanya agak ada aroma2 wangi sabun atau entahlah",negatif,,,positif,,,2,0,0,1,0
Saya sudah lama berlangganan di wizz mie Jember sejak awal buka selalu memuaskan semoga trus lebih baik dan tambah maju,,,,,positif,,0,0,0,0,1
"Awal datang ke sini antrinya panjang sekali. Saat nunggu antrian, saya liat ada qr code untuk lihat menu makanan, terpampang besar, saya ikuti qr codenya eh salah pencet ke iklan di website itu, jadi ngga sengaja reg aplikasi nggak jelas â€¦",,,,negatif,,,0,0,0,2,0
"untuk pelayanan dan rasa nya sudah sangat baik. hanya saran, dimsum rambutannya supaya agak tebal dikit agar irisan pangsitnya tdk banyak yg jatuh tersisa seperti di gambar, karena saya sndiri pecinta irisan pangsit tersebutâ˜ºï¸",negatif,,positif,,,,2,0,1,0,0
"Buat para pecinta mie pedas boleh merapat ke sini, menunya sangat variatif, harga murah dan pelayanan cepat. Lebih menyenangkannya lagi karena juga jual eskrim gelato aneka rasa",netral,positif,positif,,,,3,1,1,0,0
"mantap rasanya enak harga terjangkau
yg hobi makan mie dan dimsum wajib coba kesini",positif,positif,,,,,1,1,0,0,0
"mantap, udang keju kurang besar dikit, tapi tempatnya udah nyamaann bgtttt",negatif,,,positif,,,2,0,0,1,0
"tempatnya enak banget, pelayanannya juga ramahh",,,positif,positif,,,0,0,1,1,0
"Alhamdulillah bisa revervasi dadakan pas nyampe tempatnya, pelayanan baik.",,,positif,positif,,,0,0,1,1,0
makanan nya enak dan pelayanan nya ramahðŸ«°ðŸ©· â€¦,positif,,positif,,,,1,0,1,0,0
"Makanannya enak enak, cemilannya nggak kalah sama brand lain, dekat kampus jadi tinggal belok aja. Tempatnya juga luas dan nyaman, nggak ada musik yang terlalu keras. Nyaman banget untuk personal dan kelompok besar",positif,,,positif,,,1,0,0,1,0
"Take away nya laaaaama banget hampir 1 jam rata"". Padahal order cuma 1 pcs.",,,negatif,,,,0,0,2,0,0
"Cozy place, rice bowlnya enak bingitzz, dateng duluan abis duluan ðŸ˜†. Perdimsuman oke, kurang saos ðŸŒš. Overall ok ðŸ‘Œ â€¦",negatif,,,positif,,,2,0,0,1,0
"Kali ini nyobain gelatonya, buat yg ga terlalu suka manis, dark choco recommended banget. Buat tempatnya nyaman dan luas, kalau gelato ga usah antri.",positif,,,positif,,,1,0,0,1,0
"Rasanya enak, cuma pas dateng kali ini pelayanan agak lambat ga seperti biasanya..
Minum dan makanannya agak lama datangnya..
Tapi untuk tempatnya bagus dan enak buat nongkrong",positif,,negatif,netral,,,1,0,2,3,0
"Pelayanan bagus dan cepat, mie nya sukaa sm sushi nya fav sih. Suasana tempatnya nyaman bgt, bagus jg penataannya.",positif,,positif,positif,,,1,0,1,1,0
Makanannya enak,positif,,,,,,1,0,0,0,0
"Tempatnya enak, pelayanan cepat, menu komplit.",netral,,positif,positif,,,3,0,1,1,0
"first impration kesini sih lumayan ok lah y,, tempatnya cozy bgt,,cocok buat nyantai,atau bertukar pikiran,, pelayanan ok,, overall emm utk pendatang baru di kota jember lumayan sih,,boleh dikatakan berhasil sih memikat hati costumer,, dah itu aja gk usah panjang2,, thank you ðŸ™ðŸ»ðŸ™ðŸ» â€¦",,,netral,positif,,,0,0,3,1,0
"Mie nyaa endul, pelayanan oke bnget sampe tehnya di ganti lagi sama rasa yang lebih perfect, krna sebelumnya saya pesen lyche tea terlalu pait, oh ya untuk pangsitnya semoga bisa di perbaiki adonan nya (di renyahin lgi)",negatif,,positif,,,,2,0,1,0,0
"dari menunya semua enak suasana tempatnya nyaman, layanan dan sangat mantap",positif,,positif,positif,,,1,0,1,1,0
"sebenernya rasa nya oke"" aja cmn kasir nya kek gt, buat mba nya profesional dong senyum dikit cuek bat gd ngomong terimakasih atau apa la. kendaliin mood dikerjaan. overall worth it cmn bru kali ini aja dapet kasir wizzme kek gni",netral,,negatif,,,,3,0,2,0,0
"Untuk tempatnya bagus, makanannya enak cuman bisa di tiriskan cukup lama ya untuk makanan ringan biar minyaknya cukup berkurang",negatif,,,positif,,,2,0,0,1,0
"pelayanannya cepet, lokasi luas banget ada banyak tempat duduk yang tersedia, bisa reservasi tempat juga, menu nya bervariasi. best bangetðŸ”¥âœ¨ â€¦",netral,,positif,positif,,,3,0,1,1,0
Pelayanan sangaddd baikkk. Selalu crosscheck pesanan yg belum ready. Semua pesenan dateng sebelul 15 menit. Lovvvvv,,,positif,,,,0,0,1,0,0
"Pesan jam 10:08, 4item datangnya 11:08, Cust yg baru datang pesanan di dahulukan, ditingkatkan lagi dari segi plaining speed nya, kualitas makanan kurang, makanan udah dingin semua disajikan,",negatif,,negatif,,,,2,0,2,0,0
"Nunggu 2 jam ternyata ga di proses, alesannya salah naruh di meja lain, terus gada tanggung jawabnya, ga dapet kompensasi apa2, cuma dapet sakit perut. Adminnya juga gada respon ðŸ˜¡ â€¦",,,negatif,,,,0,0,2,0,0
"Tempat banyak yang kosong namun tidak diijinkan pinjam kursi 2 buah . Kapasitas tempat makan untuk ber 6 namun tidak cukup karena meja pendek. Saran jika memang masih ada kosong mungkin fasilitas untuk sekedar pinjam kursi seharusnya bisa.
Pemesanan dine in cukup lama est 45 menit. Kemudian pemesanan take a way juga hampir 60menit.",,,negatif,negatif,,,0,0,2,2,0
"Suasananya nyaman, porsinya cukup,cukup enak ful angin, pelayanan ramah,",negatif,,positif,positif,,,2,0,1,1,0
"Tempat bersih, nyaman banyak tempat duduk jadi gak khawatir meski ramai sekalipun makanannya enakÂ²",positif,,,positif,,,1,0,0,1,0
mie yg tdk ada duanya.... rasanya enak banget perpaduan bahan tepung dan telurnya pas.... pelayanan nya juga bagus... berharap ada menu minuman tambahan terutama yg hangat....,positif,,positif,,,,1,0,1,0,0
bagusss bgttt sukaaaa wizzmiee murah enakk gratisss ice cream pas ultahh loveee so muchhhðŸ¥°ðŸ¥°ðŸ¥° â€¦,positif,positif,,,,,1,1,0,0,0
Suka banget makan di wizzmie suasananya nyaman dan tenang ricebowl dan mienya juga enak,positif,,,positif,,,1,0,0,1,0
"Pelayanan ramah
Tempatnya bersih
Makanannya enak dan lezat",positif,,positif,positif,,,1,0,1,1,0
"Suka banget sama kebersihan dan pelayanannya, satset gaperlu nunggu lama meskipun lagi rameðŸ«¶ðŸ» â€¦",,,netral,positif,,,0,0,3,1,0
"Mie nya enak dan kenyal, pedas nya pas, pelayanan cepat",positif,,positif,,,,1,0,1,0,0
"selalu suka makan disini, enak, tempat nyaman dan bersih",positif,,,positif,,,1,0,0,1,0
makanan yang super enak banget dan pelayanan yang sangat ramah,positif,,positif,,,,1,0,1,0,0
"Mie nya enak, ga nyangka kalo bisa ngalahin rasa dari mie kober. Tapi ga heran sih karna sebenernya managemen nya semua dari koberðŸ˜… semoga rame terus, pelayanannya ngga berubah, tapi kalo bisa lebih baik lagi. Goodâœ¨ â€¦",positif,,positif,,,,1,0,1,0,0
Pelayanannya nyaman dan menu yang dihidangkan sangat menggugah.,netral,,positif,,,,3,0,1,0,0
Makan minum murah meriah nyaman di kantong dan asik banget buat hangout brg temen kluarga juga ga lupa buat ngedate. Tempat asik pollll!!! Yokkk dateng lagi ahhhhh ðŸ«¶ðŸ¾ðŸ«¶ðŸ¾ â€¦,,positif,,positif,,,0,1,0,1,0
"Pelayanan baik, pesanannya cepat datang, enak, konsisten ðŸ˜ðŸ˜ â€¦",positif,,positif,,,,1,0,1,0,0
"Makanannya enak, tempatnya luas dan nyaman jadi enak mau makan disini, pelayanan juga oke dan selalu di check dan higienis.",positif,,positif,positif,,,1,0,1,1,0
"Tempat makan mi alternatif nich pengganti mi gacoan yg antrenya lamaaaaa bgt, suasannya bagus tempatnya bersih, recommended dah",,,,positif,,,0,0,0,1,0
Tempat nyaman dan pilihan makanan banyak dan terjangkau.,netral,netral,,positif,,,3,3,0,1,0
"pertama kali kesini ternyata makanannya enak, harganya juga murah",positif,positif,,,,,1,1,0,0,0
"Pelayanan oke, rasa oke, sll jadi tujuan saat nggak mau antri hehe",positif,,positif,,,,1,0,1,0,0
"Pelayanan sgt memuaskan ketika sy meminta pesanan mie untuk digoreng kembali Krn menurut sy kurang matang seperti biasa ,walhasil ternyata diganti yg baru alhamdullillah dan sgt enak lumer juga porsi pas,,,",positif,,positif,,,,1,0,1,0,0
letaknya ok buat makan abis kelas,,,,positif,,,0,0,0,1,0
tempat nyaman n enak2 semua ðŸ˜‹ â€¦,,,,positif,,,0,0,0,1,0
"makanannya enak, tempatnya bersih, pelayanannya juga ramah",positif,,positif,positif,,,1,0,1,1,0
"Sudah makan kedua kalinya disini enak, porsinya mengenyangkan, tempatnya bagus bersih, dan pelayanannya baik",positif,,positif,positif,,,1,0,1,1,0
"tempatnya nyaman bgtt, menu nya enakk sesuai selera, mantapp deh",positif,,,positif,,,1,0,0,1,0
Tempat cozy pelayanan oke cm ngantre yg lama pengunjung slalu rame..cm salad dikit bet.,negatif,,positif,positif,,,2,0,1,1,0
"ini jujur enakkkk banget!!! makanannya enak semua dan rasanya konsisten, mie nya sama side dishes nya super duper enak! ambience tempatnya jg cozy dan pelayanannya bagus. staff nya pada ramah dan rapihhh. bersih dan sangat amat recommended pokokna mah. semoga selalu konsisten yaa wizzmie <3",positif,,positif,positif,,,1,0,1,1,0
"Pelayanan ramah,makanan enak,tempat juga okeeðŸ¤©ðŸ¤©ðŸ¤©ðŸ¤© â€¦",positif,,positif,positif,,,1,0,1,1,0
"Overall bagus, tempat bersih, suasana nyaman dan pelayanan juga bagus. gak pake nunggu lama untuk makanannya datang.",,,netral,positif,,,0,0,3,1,0
Pelayanannya mantap dan makanannya enak terjangkau,positif,netral,positif,,,,1,3,1,0,0
"Yg Pertama Pelayanannya Ramah Sekali, Makanannya Juga Enak Enak,,, Yg Belom Nyobak Buruan Dah Kesini...",positif,,positif,,,,1,0,1,0,0
"Minta tolong tim wizzme surpise in anak, sempet miskom wkkw
Tp so far so Good pelayanannya â€¦",,,positif,,,,0,0,1,0,0
"worth it sii mie dan makanan lainnya, harganya juga masih ramah dikantong, tempatnya juga family-able, terlebih pelayanannya cepet",,positif,positif,positif,,,0,1,1,1,0
"Tempat bersih luas
Pelayanan ramah
Makanan cepat datangnya
Toilet pun bersih",,,positif,positif,,,0,0,1,1,0
"Enak dari mie, pangsit, gelato dan chicken wingsnya, mie nya tipe tipis favorit, suasana nyaman dan bersih",positif,,,positif,,,1,0,0,1,0
"Pelayanan cukup baik
Cepet gak nunggu lama
Rasa makanan juga enak dan banyak pilihan menu untuk makanan dan minumannya",positif,,positif,,,,1,0,1,0,0
"So far makanannya enak2, banyak pilihan, harga affordable, saran sih dateng sore2. Ambiance nya chill parah. Recomended. ðŸ‘ðŸ»ðŸ‘ðŸ»ðŸ‘ðŸ» â€¦",positif,positif,,netral,,,1,1,0,3,0
Bisa gak sih klo ngasih karyawan itu di pilah dulu... Saya sudah beberapa kali kesini kasir nya tetep gak ramah gak sopan sama pelanggan.... Baru kali ini yaa ketemu sama kasir cuek dan gak ramah wkwkwkwkwkwk,,,negatif,,,,0,0,2,0,0
"Tempat makan mie yg ngga pernah salah buat didatengin. Udah nyaman, enak bangett dan murah hahahaha. Thank you wizzmieðŸ˜ â€¦",positif,positif,,positif,,,1,1,0,1,0
"Mi dengan pedas level. Mulai dr mie dgn rasa manis sampai rasa gurih. Ditambah menu sushi roll dan rice bowl. Harga ekonomis dan kualitas rasa terjamin. Aneka minuman jg lengkap. Dr teh, kopi, dan latte.",netral,netral,,,,,3,3,0,0,0
"Pelayanan terlalu lama, hanya 4 menu yg di pesan tapi lebih 20 menit, di tingkatkan lagi pelayanannya",,,negatif,,,,0,0,2,0,0
"makanannya lengkap, dan cepat pelayanannya jg ramah cuman saya pesan cichken katsu tetapi bagian potongannya kurang ke belah. overall oke semua",netral,,positif,,,,3,0,1,0,0
pelayanannya oke makanannya juga enak,positif,,positif,,,,1,0,1,0,0
"Menunya cukup enakk dan harga pas dikantong,suasana sejuk dan enak",positif,positif,,positif,,,1,1,0,1,0
"sangat memuaskan dari layanan dengan cepat, makanan enak dan suasananya nyaman",positif,,positif,positif,,,1,0,1,1,0
"Alhamdulillah...
Pelayanan top; gercep, sopan, santun, komunikatif, dan responsif. â€¦",,,positif,,,,0,0,1,0,0
"Makanannya enak, rasanya konsisten, kebersihan tempat makan dan alat makan juga terjaga",positif,,,positif,,,1,0,0,1,0
"harga murah, tempatnya bersih, pelayanannya ramah, dan makanannya enak.Tempat menjadi favorit saya",positif,positif,positif,positif,,,1,1,1,1,0
Pelayanan cepat... tidak terlalu lama nunggu pesanan. Pilihan menu juga banyak. Jd makan mie g perlu antri lama....,netral,,positif,,,,3,0,1,0,0
"Makanannya enak-enak, tempatnya juga nyaman dan luas..
Recommended banget pokoknya ðŸ‘ â€¦",positif,,,positif,,,1,0,0,1,0
Tempatnya nyaman makanannya enakk cocok untuk quality time bersama keluarga,,,,positif,,,0,0,0,1,0
"Suasana tempatnya sudah oke ketimbang tetangga sebelah, tapi tolong banget untuk staffnya manners dan kecepatan dalam  servicenya lebih ditingkatkan, ini masak dimsum dan gelato sama minumnya dah hampir habis tapi mie nya malah lama banget astagaaaa",,,negatif,positif,,,0,0,2,1,0
"Tempatnya bersih ,pelayanannya cepett dan pelayannya super ramah skaliiðŸ«¶ðŸ¼ Menunya juga kantong plajar semuaa ðŸ˜ðŸ¤ðŸ» Super recommended ðŸ‘ðŸ»ðŸ’˜ðŸ’˜ðŸ’˜ â€¦",,,negatif,positif,,,0,0,2,1,0
"Pegawainya ramah sekali, kebetulan kesini pas lagi ultah. Jadi dapet gift ice creamðŸ¥¹ðŸ¤© â€¦",,,positif,,,,0,0,1,0,0
"Tempatnya nyaman, karyawan ramah, makanan dan minuman beragam dan enak pol",positif,,positif,positif,,,1,0,1,1,0
Peyalanan bagus makanannya good the best,positif,,positif,,,,1,0,1,0,0
"Memuaskan,makanan enak,pelayanan ramah",positif,,positif,,,,1,0,1,0,0
Pelayanan baik dan makanannya recommended banget!,netral,,positif,,,,3,0,1,0,0
"Pelayanannya baik , makanannya cpt dtgnyaa , suka bangettt",,,positif,,,,0,0,1,0,0
"Makanannya enak, pelayannya sat set... Harga affordable. Oke.",positif,positif,netral,,,,1,1,3,0,0
"Makanan enak sesuai hargaðŸ‘Rekomendasi buat kalian yang mau sarapan, makan siang ataupun makan malamðŸ‘ðŸ‘ðŸ‘ â€¦",positif,netral,,,,,1,3,0,0,0
"Tempatnya comfy bangettt, terus yang juara es krim nyaa, pelayanannya juga ramah",positif,,positif,positif,,,1,0,1,1,0
"Tempatnya luas, cocok untuk family meski area kampus. Ada musholla, ga bingung cari tempat sholat. Makannanya ramah kantong dari aneka mie hanya 9ribu aja. Dan yg paling enak ada es krim gelato nya.",positif,positif,,positif,,,1,1,0,1,0
"Pelayanannya sangat ramah , dan makanannya semua enak sekali.. Buat Teman makan malam bersama keluargaðŸ˜ðŸ˜ðŸ¥°ðŸ¥° â€¦",positif,,positif,,,,1,0,1,0,0
Tempatnya nyaman dan luas dan makanannya enak,positif,,,positif,,,1,0,0,1,0
"Suka banget sama rasanya mienya, apalagi sama pangsitnya, mungkin untuk ice yang lemon teanya sii lebih di cek lagi kak soalnya lumayan asem dikit hehee makasihh ya kak",negatif,,,,,,2,0,0,0,0
"Tempat nya nyaman, bersih makanan nya juga enak, menu favorit tetep gelato sama  mie nya",positif,,,positif,,,1,0,0,1,0
"Menu enak bikin nagih, tempat luas, pelayanan cepat banget dan ramah",positif,,positif,positif,,,1,0,1,1,0
"sangat nyaman, makanan enak. pelayanan ramah dan tidak perlu menunggu lama",positif,,positif,positif,,,1,0,1,1,0
"Suasana yang diberikan sangat nyaman sekali, terdapat gelato juga sehingga kita memiliki pilihan makanan yang beragam",netral,,,positif,,,3,0,0,1,0
"Tempatnya bagus, mie nya enak,dimsumnya juga enakðŸ˜ cuma pas pesan jangan lupa suaranya dikerasin dikit biar kasirnya Denger soalnya kemarin temen pesen yang cabe 5 datengnya yang tanpa cabeðŸ˜‚ â€¦",positif,,negatif,positif,,,1,0,2,1,0
"Wizzmie Jember punya mie pedas yang juara! Level pedasnya beragam, jadi cocok untuk yang suka tantangan tapi juga yang cuma pengin rasa ringan.",positif,,,,,,1,0,0,0,0
Pelayanan lumayan cepet dan ramah. Rasa mienya enak dan porsi banyak.,positif,,positif,,,,1,0,1,0,0
Pelayanan sangat ramah â­â­â­ musholanya juga bersih bahkan buat wudhu udah disediakan sandal â­â­â­,,,positif,positif,,,0,0,1,1,0
"pelayanannya bagus dan menyenangkan bisa makan makanan enak disini , fav aku si mie goyang level 3 dan udang keju",positif,,positif,,,,1,0,1,0,0
"Dari segi Layanan Bagus, semoga dipertahankan sampai seterusnya
Dari segi makanan cocok di lidah n enak
Segi tempat sangat bersih n settingan backdrop nya kekinian n Instagramable

SAE",positif,,positif,positif,,,1,0,1,1,0
Makanannya enak dan tempatnya bersih. ðŸ‘ðŸ»ðŸ‘ðŸ»ðŸ‘ðŸ»ðŸ‘ðŸ» â€¦,positif,,,positif,,,1,0,0,1,0
Mie nya terlalu matang. Tapi overall oke. Tempat nyaman. Pelayanan mantab,negatif,,positif,positif,,,2,0,1,1,0
makanannya enak tempatnya nyaman dan pelayanannya bagus,positif,,positif,positif,,,1,0,1,1,0
disini menunya enak-enak bangetttt cocok buat quality time,positif,,,,,,1,0,0,0,0
"Tempatnya nyaman dan luas, makanannya juga lumayan enak, untuk pelayanannya standar aja, tempatnya cocok buat makan bareng, pas bgt kemarin ada diskon buat mahasiswa jadi makan + minum 15k",positif,positif,netral,positif,,,1,1,3,1,0
tempat oke banget..harga bersaing dengan sebelah...kebersihan oke..parkir roda4 gampang...cuma agak lama pesanan ready..rasa oke punya,positif,netral,negatif,positif,,,1,3,2,1,0
"Baru kali ini dibikin kecewa sama Wizzmie, udah antri lama pesen meja sekian, dikasih nomer yg lain, mana yg didapet mejanya kotor, jadi kurang family friendly, anak anak jadi ga bisa main, dapet tempatnya jauh ga bisa diawasin, dapet chicken wingsnya kurang mateng ðŸ‘ŽðŸ»ðŸ‘ŽðŸ»ðŸ‘ŽðŸ» â€¦",negatif,,negatif,negatif,,,2,0,2,2,0
"Mienya beku, dingin, padahal nunggu nya setengah jam",negatif,,negatif,,,,2,0,2,0,0
"tempatnya luas banget!!!!!
nyaman banget!!!
makanannya juga enak banyak pilihannya, ada gelato juga âœ¨âœ¨ðŸ¤ â€¦",positif,,,positif,,,1,0,0,1,0
"saya datang bersama teman saya syarindra, lalu dia berkata makanan di sini sangat lezat, ini sangat rekomended sekali. dengan aneka menu yang beragam dan taraf setara mahasiswa unej seperti saya. lain kali saya akan sering berkunjung â€¦",positif,positif,,,,,1,1,0,0,0
"Tempat nyaman meski ramai, bocilable juga karna disediakan highchair jadi bisa makan bareng. Harga dan Rasa lumayan, Frappenya oke dengan harga terjangkau.",netral,netral,,positif,,,3,3,0,1,0
"Enak lumpia ayamnya, semua enak. Murah",positif,positif,,,,,1,1,0,0,0
"So far so good si, tapi untuk mienya untuk lidahku terlalu manis. Lumpia udangnya enakk",negatif,,,,,,2,0,0,0,0
pelayanan ramah satset juga okey lah tempat juga bersih goodðŸ¤© â€¦,,,positif,positif,,,0,0,1,1,0
"Mie nya enak, pelayanan nya juga ramahðŸ™, next makan lagi... â€¦",positif,,positif,,,,1,0,1,0,0
"Makanan & minumannya enak & yang paling penting tempatnya nyaman

Terimakasih wizzmieðŸ˜˜ â€¦",positif,,,positif,,,1,0,0,1,0
"dulu masih sama dia sering banget ke wizzmie kalo cari makanan, karena makanannya cocok di lidah aku sama doi. tapi, sekarang udah putus, jadi kalo ke wizzmie sama temen rasanya dejavu dan pengen nangis. makasi wizzmie",netral,,,,,,3,0,0,0,0
"saya nunggu pesanan take away saya sampai 1 jam, tapi orang yg dine in lebih deluan dikasih padahal saya deluan yang pesan",,,negatif,,,,0,0,2,0,0
Bukan pertama si..cuman berkali kali.. memang mie varian mie disko ..memang bisa diskoan perut asli.. nyoba level 3 meledakk .. terbaik pokonya next nyoba tinggian,positif,,,,,,1,0,0,0,0
"Untuk makanan dan suasana okey, tapi sayang hampir 1 jam di sini gak dilayani malah yang baru datang udah dilayani, dan beberapa pelayan gak ramah
Lain kali kalau ada acara besar tolong yang beli juga diperhatikan",netral,,negatif,netral,,,3,0,2,3,0
Makanan memuaskan dan suasana tempat makannya sangat cocok untuk sekedar hang out dengan teman-teman maupun keluarga. Overall bagus.,positif,,,positif,,,1,0,0,1,0
"tempatnya bersih, nyaman buat keluarga, toilet nya bersih, makanan nya so far enak dan pelayanannya cepat.",positif,,positif,positif,,,1,0,1,1,0
"Saya request surprise ultah sahabat saya, juga berjalan lancar, terimakasih supportnya wizzmie, makanannya juga enak dan terjangkau harganya. Suasananya nyaman",positif,positif,positif,positif,,,1,1,1,1,0
"Makanannya enak, pelayanannya juga cepet.. Tempatnya juga nyaman buat santai",positif,,positif,positif,,,1,0,1,1,0
"Pelayanan ramahh, merayakan ulangtahunn dsini sangat bisaaâ¤ï¸âœ¨ï¸",,,positif,,,,0,0,1,0,0
"rasa makanan belum berubah di lidah saya, debes si sejauh ini rasanya konsisten semua mantap, pelayanan nya satset hehe, crew nya juga ramah semua, good lahðŸ‘ â€¦",positif,,positif,,,,1,0,1,0,0
"Tempat nyaman, bersih. Makanannya juga enak.",positif,,,positif,,,1,0,0,1,0
"rasanya enak, tempatnya nyaman, harga murah, worth it bgt buat nongkrong santai2",positif,positif,,positif,,,1,1,0,1,0
"emang better dari yg G itu, tempat nyaman, pelayanan cepat, harga standar,",,netral,positif,positif,,,0,3,1,1,0
"Harga dan Rasa seperti Gacoan, tapi lebih unggul sushi dan eskrim.. Enak kok, banyak space dan bersih",positif,netral,,positif,,,1,3,0,1,0
"tempatnya bagus dan nyaman, makanannya enak luluvv  ðŸ«°ðŸ» â€¦",positif,,,positif,,,1,0,0,1,0
"Enak wajib di coba kalau di malang .
Pas kesana gk terlalu rame jadi gk terlalu nunggu lama .",,,,positif,,,0,0,0,1,0
"Mienya enak, teksturnya ngga keras kek mie cabe2an yg keduanya dijember itu. Dimsum isinya bukan campuran tahu, asli daging, harga sama sama ke2 mie cabe2an ituuuuhh. â€¦",positif,netral,,,,,1,3,0,0,0
Pelayanan ramah dan makanan enak,positif,,positif,,,,1,0,1,0,0
"Lumpia Udangnya kurang kerasa udangnya, ðŸ™mungkin bisa ditmbah lagi untuk Udangnya â€¦",negatif,,,,,,2,0,0,0,0
"Pelayanannya cepat, gercep. Tempatnya keren bagus. Tapi menurutku rasanya lebih enak wizzmie lidah kulon surabaya, oya kemarin beli level 3 apa 4 ya cabe 12 ga pedes sama sekali. Rame dan antri tapi pelayanan cepat kok.",negatif,,positif,netral,,,2,0,1,3,0
"Makanan cepat jadi, dan rasanya pas. Tempat makan pun bersih dan nyaman",positif,,positif,positif,,,1,0,1,1,0
Pelayanan nya ramah cepat dan makanannya enak enak lengkap lgi klo lgi bawak anak2 kecil juga ada  es cream,positif,,positif,,,,1,0,1,0,0
"Tempatnya nyaman banget pelayanannya juga ramah makanannya juga enak ,anak saya suka makan disini",positif,,positif,positif,,,1,0,1,1,0
"Mie nya enak, tekstur mie kecil, bulir ayam banyak, dan pangsitnya gede. Cepet penyajiannya sejak order sekitar 5 - 10 menit. Pegawai ramah dan cepat tanggap kalau ada meja sudah selesai ditinggal pelanggannya. Tempat duduk luas",positif,,positif,netral,,,1,0,1,3,0
"Baru sadar pas udh kemakan, pangsit di mie nya cuma dapet 1 padahal mie satunya dapet 2
Makanan lainnya sih oke2 aja â€¦",netral,,,,,,3,0,0,0,0
"Makanan nya enak, tempat nya juga nyaman. Pelayanannya ramah..ðŸ˜ â€¦",positif,,positif,positif,,,1,0,1,1,0
"Tempatnya bersih
Makanan enak dan lengkap
Pelayanannya ramah banget",positif,,positif,positif,,,1,0,1,1,0
"makanaannya enak bgt,pelayanan cepat,tempatnya jg bersih",positif,,positif,positif,,,1,0,1,1,0
"Tempatnya lumayan nyaman bawa anak kecil kalau tidak ramai.
Sedotannya gemes banget warna pink ðŸ˜Š
Harganya cukup terjangkau, panatas selalu ramai. â€¦",,positif,,positif,,,0,1,0,1,0
"Tempat nya bagus, rasanya juga enak cocok banget kalo bawa bocil langsung order gelato auto anteng. Pelayannya juga ramah2, baik2, gercep juga.",positif,,positif,positif,,,1,0,1,1,0
"Makanan enak,tempatnya nyaman sekali",positif,,,positif,,,1,0,0,1,0
"pelayanan, makanan, dan suasana sangat memuaskanðŸ«°ðŸ»ðŸ¤© â€¦",positif,,positif,positif,,,1,0,1,1,0
"Rasa mie enak. Harga murce bgt. Pelayanan yg paling juara. Semua petugasnya ramah, kebetulan ada temen yg ulang tahun petugasnya jg ikut excited diminta tolong jg sigap. Tempatnya jg aesthetic dan nyaman",positif,positif,positif,positif,,,1,1,1,1,0
makanannya enakk dan pelayanannya cepet bangettðŸ¥°ðŸ¥° â€¦,positif,,positif,,,,1,0,1,0,0
"Favorite nya anak2, andalannya mak nya, menu nya variatif rasanya enak tapi harganya hemat poolll....Hehehe. Antri tapi tetep ngerasa nyaman.",positif,positif,,positif,,,1,1,0,1,0
Makanan dan minuman yaaa standard lah. Nilai plus untuk tempatnya karna comfy dibanding kompetitornya,netral,,,positif,,,3,0,0,1,0
"Makanan enak tempat bersih, tempat luas, laangganan mie disko pasti",positif,,,positif,,,1,0,0,1,0
"Pelayanan kurang cepat,,menunggu agak lama",,,negatif,,,,0,0,2,0,0
"Makanan enak, tempat nyaman luasjuga bersih dan pelayanan,nya Sangat memuaskan,. Yuk kunjungi wizzmie gaes",positif,,positif,positif,,,1,0,1,1,0
"Puas dan enak, nikmat, es krim lezaat",positif,,,,,,1,0,0,0,0
"Menu nya Oks banget, Pelayanan nya Cepat dan Ramah. Kamar Mandi / Toilet nya Bersih. Overall Wizz Mie Jember Badabezt...",netral,,positif,positif,,,3,0,1,1,0
"Pilihan menunya banyak, gk cuma mie. Ada sushi, gelato, dll.
Rasanya enak
Tempatnya juga bagus",positif,,,positif,,,1,0,0,1,0
"makanannya enak, bagi yg lbih suka mie basah trus gedhe2 pasti cocok, paling suka sama pangsitnya karena make udang jdi kek isian udang rambutan, terus yg mie goyang rasanya manis pedes enak, sip",positif,,,,,,1,0,0,0,0
Jadi gak nyaman soalnya Skrg tdk boleh pilih tempat duduk sendiri. Kalau pas siang kan gak enak duduk didalam gerah.,,,,negatif,,,0,0,0,2,0
"Mie nya terlalu matang, untuk level kepedesan juga ini beda dari sbelumnya level 1 dan 2 ini pedes banget sperti level 3-4 jadinya. Tapi untuk rasanya enak banget sih",negatif,,,,,,2,0,0,0,0
"Pesanannya cepet, rasanya juga enak, tempatnya bagus, serta toiletnya bersih dan nyaman",positif,,positif,positif,,,1,0,1,1,0
"Suasananya sejuk dan dingin, kamar mandinya bagus, pelayanannya juga ramah.
Makanannya enaak enaakðŸ‘ â€¦",positif,,positif,positif,,,1,0,1,1,0
Makanannya worth it dan pelayanannya juga baik,positif,,positif,,,,1,0,1,0,0
"Menunya enakÂ², tempatnya  enak, asyik buat ngajak anak kecil. Pelayanan bagus",positif,,positif,positif,,,1,0,1,1,0
"Mie goyang enak, dimsumnya ada macam2. Tempatnya luas dan adem. Pelayanan cepat kalau gak rame. Parkir mudah dan tukang parkirnya baik act of service bgt yang bapak2.",positif,,positif,positif,,,1,0,1,1,0
Tempatnya didesain dengan bagus.  Makanan dan minuman enak.  Pelayanannya cepat dan memedulikan pelanggan,positif,,positif,positif,,,1,0,1,1,0
"Suasananya tenang makanananya okey, favorit banget strawberry matchanya ðŸ˜ðŸ˜ â€¦",positif,,,positif,,,1,0,0,1,0
"Saya take away rice bowl sambel matah, setelah sampai rumah dibukak gaada ayamnya",,,negatif,,,,0,0,2,0,0
"Mienya enak banget. Bumbunya melimpah. Petugasnya banyak, jadi gak nunggu lama pesanan datang.
Toilet dan musholla bersih.",positif,,positif,positif,,,1,0,1,1,0
Kenapa ketika takeaway lama banget heran padahal ga terlalu rame,,,negatif,,,,0,0,2,0,0
"makanannya enak, worth it dan menunya beragam varian, namun saya kurang suka sama lemon tea nya karena ga cocok di lidah saya",negatif,,,,,,2,0,0,0,0
"Makanannya enak, pelayanannya juga bagus, suasananya nyaman, mantapðŸ‘ â€¦",positif,,positif,positif,,,1,0,1,1,0
"mienya enak bgtt, karyawannya ramah semuaðŸ¤ðŸ¤ â€¦",positif,,positif,,,,1,0,1,0,0
"makanannya enak,cmn pas order take away nunggunya lama bgt asli.Padahal posisi ga terlalu rame",positif,,negatif,,,,1,0,2,0,0
"Pelayanan nya bagus, ramah, cepat dan bersih",,,positif,positif,,,0,0,1,1,0
"Tempatnya nyaman, makanannya jugaa enakk. Cocok deh buat nongkrong atau makan sm keluargaaa",positif,,,positif,,,1,0,0,1,0
"Tempatnya enak, pelayanan bagus dan ramah",,,positif,positif,,,0,0,1,1,0
"Pelayanannya sangat cepat, Mas dan mbak pegawainya sangat ramah cekatan ,untuk makananya ada banyak menu dan enakâ€ poll , Suskses terus wizzmie jember",positif,,positif,,,,1,0,1,0,0
"Makanan mie ada yang menggumpal, atau tidak matang. Bumbu kurang terasa saya coba 3 farian menu rasa hampir sama semua cuman beda di mie goyang nya. Lvl cabai 20 tidak pedas, dan yang original terasa sedikit nek, minuman lumayan mahal ",negatif,negatif,,,,,2,2,0,0,0
"tempatnya rillll bersih, cepet pelayanannya, mie nya pedes nampollll, sukaaa",positif,,positif,positif,,,1,0,1,1,0
"Tempatnya luas kalau, buka dari jam 10 sampai jam 11 malam, makanan oke ada gelato juga",netral,,,netral,,,3,0,0,3,0
Makanannya enak bet dah wajib kesini cobain ðŸ˜‹ â€¦,positif,,,,,,1,0,0,0,0
"Pelayanannya sangat memuaskan, makanan selalu enak dan hangat. Suka bgt sama wizzmie jember",positif,,positif,,,,1,0,1,0,0
"Pelayanan tidak memuaskan, order takeaway tidak ada niatan untuk nganterin pelanggan di tempat menunggu.",,,negatif,,,,0,0,2,0,0
"soal rasa, penataan lingkungan mirip plek ketiplek dengan mie Gac*an. utk pelayanan sangat  mengecewakan. nunggu makanan datang luamaaaaaa... pas datang makanan sudah dingin. â€¦",netral,,negatif,netral,,,3,0,2,3,0
"Pelayannya ramah sekali, tempat nya juga sangat bersih, pelayan sigap membersihkan meja makan yang telah dipakai orang. Promo nya juga gacorrr, promo student cardâ¤ï¸. Untuk makannya 7/10",netral,positif,positif,positif,,,3,1,1,1,0
"Suasana dan tempat cukup baik, pelayanan kurang ramah, kasirnya juga kurang teliti.",,,negatif,positif,,,0,0,2,1,0
"mienya enak, tempatnya juga nyaman buat makan rameâ€",positif,,,positif,,,1,0,0,1,0
"tempatnya luas, bersih, nyaman, ada toilet dan musholla. mie diskonya enakk, rice bowlnya mantap pedesnya",positif,,,positif,,,1,0,0,1,0
"Makanannya lengkap dan enak-enak, pengantarannya cepat dan unik pake 3 jari dan wuzh seperti ninja, cocok buat nongki, bisa buat nugas kalau lagi sepii karena wifi joss",positif,,positif,positif,,,1,0,1,1,0
Mie nya sangat empuk dan lebih terasa pas manis dan pedasnya,positif,,,,,,1,0,0,0,0
Makanannya enak pelayanannya ramah dan sat set top banget deh pokoknya,positif,,positif,,,,1,0,1,0,0
"Mantap poll.. rasanya enak banget ,fasilitasnya juga nyaman, cocok buat tempat kumpul bareng temen"" ,tempatnya juga nyaman dan luas,pokoknya mantap polllðŸ‘ðŸ‘ðŸ‘ â€¦",positif,,,positif,,,1,0,0,1,0
"makanan yg disediakan enak, pelayanan juga tidak memakan waktu lama, dan tempatnya juga luas. buat kalian yg pengen makan enak tapi tetep hemat bisa kesini. buat mahasiswa juga ada paket hemat lohðŸ˜ â€¦",positif,netral,positif,positif,,,1,3,1,1,0
"suasananya sangat nyaman dan tenang
untuk makanannya enak dan ramah di kantong
dan pelayanannya sangat ramah",positif,positif,positif,positif,,,1,1,1,1,0
Mie nya enakðŸ¤¤ðŸ¤¤ dimsum nya isi kejunya jga ga pelit â€¦,positif,,,,,,1,0,0,0,0
"1. Makanan cepat datang
2. Toilet bersih
3. Tersedia Gelato â€¦",netral,,positif,positif,,,3,0,1,1,0
"Makanannya enak,
Cs nya kaku, Kasirnya judes masa ngasi EDC gak sopan banget gak ngomong permisi, kedepannya diperbaiki lagi yaa",positif,,negatif,,,,1,0,2,0,0
"Tempatnya bagus banget, makanannya juga enak banget. recommended buat yang mau makan pedes pedes di daerah jember kota",positif,,,positif,,,1,0,0,1,0
"enaaak, dimsumnya menurutku enak karena ada rasa udangnya jugaa, trus pelayanannya bagus dan suasananya juga enak recommended hihii ðŸ’ƒðŸ’• â€¦",positif,,positif,positif,,,1,0,1,1,0
Makananya enak sekali pelayanan nya bagus kebersihan sanat bagus,positif,,positif,positif,,,1,0,1,1,0
"Pelayanan cepat, rasa enak, suasana dan tempatnya nyaman",positif,,positif,positif,,,1,0,1,1,0
"Tempatnya cozy banget. Mau berdua atau sekeluarga tempatnya pasti ada. Pelayanannya cepet, makanannya enak dan harga bersahabat ðŸ‘ðŸ‘ â€¦",positif,positif,positif,positif,,,1,1,1,1,0
"Tempatnya bagus, pelayanannya juga cepat sekali",,,positif,positif,,,0,0,1,1,0
"Suasana nya nyaman dan santai
Cocok buat makan bareng kumpul keluarga",,,,positif,,,0,0,0,1,0
"Tempatnya nyaman, makanannya juga enak pas, untuk rice bowl sambel matahnya pedas segarr",positif,,,positif,,,1,0,0,1,0
"Managernya cantik banget, Ramah pwolll, sering banget mampir diiiii wizzmeee, suamikkk happy bangetttt, cocok buat pasutri baru makan disini berduaa",,,positif,,,,0,0,1,0,0
"harganya lumayan murah, rasanya enak hanya mie nya kecil kurang besar dikit. antriannya agak lama maklum masih baru",negatif,positif,negatif,,,,2,1,2,0,0
"enak, luas, pelayanan cepet, pelayanannya ramah juga",positif,,positif,positif,,,1,0,1,1,0
Harga merakyat ditempat yg woww super nyaman ðŸ˜ â€¦,,positif,,positif,,,0,1,0,1,0
"Makanan enak, murah, pelayanan nya baik",positif,positif,positif,,,,1,1,1,0,0
"Minumannya keren keren, latte artnya bagus baguss, karyawannya ramah ramahh",netral,,positif,,,,3,0,1,0,0
Rasanya enak udang kejunya kurang juicy tapi overall oke,negatif,,,,,,2,0,0,0,0
"Benar - benar dimanja dengan suasana restauran nyaman, cozy dan luas. Tata cahaya sempurna, tidak terlalu terang dan cocok dgn tema kayu restauran. Kasir ada 2 sehingga antrian tidak mengular panjang. Menjual ice cream gellato juga, cocok â€¦",netral,,netral,positif,,,3,0,3,1,0
Emang kalo beli satu bungkus take away gak pake kantong kah??(Bertanya dengan nada Jokowi kebingungan) â€¦,,,negatif,,,,0,0,2,0,0
Tempatnya luas. Variasi makanan dan minuman menarik.,netral,,,netral,,,3,0,0,3,0
"Enak tempatnya luas,ada outdoor dan indoor jadi enak buat suamiku yg merokok,pelayananx juga gak lama,harga nya murah",,positif,positif,positif,,,0,1,1,1,0
"Level 2 udh pedes bgt,, tapi mantap,, es krimnya muantul.... Pelayanan baguss,,, semoga tambah suksess",positif,,netral,,,,1,0,3,0,0
Mantap enak makanan dan pelayananannya,positif,,positif,,,,1,0,1,0,0
"Porsi kurang banyak, terus lumayan lama, kalau bisa penyajian sushi ada saus nya lagi yang di pisah, tp overall enak kok",negatif,,negatif,,,,2,0,2,0,0
"sangat nyaman tempatnya, enakkk bangett",,,,positif,,,0,0,0,1,0
"Tempat cozy nyaman buat nongkrong ato family time, makanan jauh lebih enak dari brand sebelah",positif,,,positif,,,1,0,0,1,0
"Pelayanan memuaskan tidak perlu menunggu lama, dan menu yang disediakan bervariasi, suasana ramai namun tenang jadi bisa enjoy buat chill",netral,,positif,positif,,,3,0,1,1,0
"Rasa bisa di nikmati ,weekday tidak terlalu ramai jadi suasana masih nyaman untuk makan,pelayanan cukup baik",positif,,positif,positif,,,1,0,1,1,0
Mie nya enak. Dimsumnya juga enak. Harga standard lah,positif,netral,,,,,1,3,0,0,0
"Rasa mienya enak, cuman kurang suka tekstur mienya agak lembek. Dimsum nya lumayan, cuman sedikit keasinan. Tempatnya comfy & suasananya nyaman.",negatif,,,positif,,,2,0,0,1,0
"Rasanya mantap, banyak pilihan menu, tempatnya luas dan bersih, ada daun2nya menambah kesan asri",positif,,,positif,,,1,0,0,1,0
"Mantul enak bgt.. pedesnya Joss.. semua menu mie recommend, dimsum nya spicy chicken wings mantap ðŸ‘
Tempat nya nyaman bgt.. â€¦",positif,,,positif,,,1,0,0,1,0
"Tempatnya cakepp, makanannya enakk, dan dateng ga nyampe 15 menit, lokasinya deket bgtt sama unejj, dan ga ngantri panjang gituu",positif,,positif,positif,,,1,0,1,1,0
"Makanannya enak, pegawainya ramah bangettt!!!",positif,,positif,,,,1,0,1,0,0
"Makanan enak bngt,pelanyanannya ramah, dan cepet .. tempat nya nyaman dan luas",positif,,positif,positif,,,1,0,1,1,0
"tempatnya nyaman banget buat kerja tugas ataupun mau nongkrong, pelayanannya cepet, dan makannya enak",positif,,positif,positif,,,1,0,1,1,0
Enak tempatnya makanannya enak ..harga sering adain promo kak,positif,netral,,positif,,,1,3,0,1,0
"makanan enak, menu bervariasi, suasananya cozy, suka bgt disiniðŸ˜Š â€¦",positif,,,positif,,,1,0,0,1,0
tempat yang nyaman banget dan pelayanan ramah,,,positif,positif,,,0,0,1,1,0
"Pelayanan baik, makanannya juga enak dan pasti harganya masih terjangkau.",positif,positif,positif,,,,1,1,1,0,0
Makanannyaa enak2 ... pelayanannya bestðŸ¥° â€¦,positif,,positif,,,,1,0,1,0,0
"Tempatnya luas, family friendly, harga terjangkau & pelayanan cepat ðŸ¥° Sukses selalu Wizzmie ðŸ’ â€¦",,positif,positif,positif,,,0,1,1,1,0
"makanannya enak enak, dan pelayanan nya cepat",positif,,positif,,,,1,0,1,0,0
"Padahal karyawannya banyak, pesan mie 1 sama dimsum satu aja sampai 30 menit bahkan lebih.super lemotðŸ¤¦ â€¦",,,negatif,,,,0,0,2,0,0
"Semua menu enak rasanya
Rekom dah makan mie pedas di sini...ðŸ‘ â€¦",positif,,,,,,1,0,0,0,0
"Tempatnya luas, berasa sejuk dan asri, makannya enak banyak promo lagi, jenpoll dah untuk wizzme",positif,,,positif,,,1,0,0,1,0
"Makanannya enak harganya juga terjangkau, tempatnya luas  rekomen deh pokoknya",positif,positif,,positif,,,1,1,0,1,0
"Waktu tunggu makanan sangat cepat
Menu rice bowl terbaikk, tempat rapi bersih",positif,,positif,positif,,,1,0,1,1,0
"Tempat yang nyaman untuk berkumpul bersama teman...
Mienya enak,, kenyal,, pedasnya pass...",positif,,,positif,,,1,0,0,1,0
"Mantappp enak2 makanannya, servis cepat, dan banyak promoðŸ™ŒðŸ¼ â€¦",positif,positif,positif,,,,1,1,1,0,0
"Pengalaman makan yang sangat menyenangkan, pelayanan sangat cepat dan ramah, suasana nya juga bagus",,,positif,positif,,,0,0,1,1,0
"Pelayanan nya ramah, makanan nya enakÂ², pokoknya terbaik dahhh.

Menyala wizzme ðŸ”¥ðŸ’ƒ â€¦",positif,,positif,,,,1,0,1,0,0
"Pelayanan cepat tidak lama ,tempatnya bersih ,makanan murah dan enak sesuai kantong pelajar ,dan pegawainya nya ramah",positif,positif,positif,positif,,,1,1,1,1,0
"Kasirnya ada yg kurang ramah... Gak sabar..
Yg pakai hitam",,,negatif,,,,0,0,2,0,0
"pelayanan cepat, rasanya mantap deh cocokk buat saya, tempatnya jg nyaman dan bersih",positif,,positif,positif,,,1,0,1,1,0
"Tempatnya nyaman, cocok untuk tempat nongkrong juga
Makanannya juga enak",positif,,,positif,,,1,0,0,1,0
"Makanan , layanan sama suasanany nyaman dan enakðŸ¥³ðŸ¥³ðŸ¥³ðŸ¥³ðŸ¥³ â€¦",positif,,positif,positif,,,1,0,1,1,0
Makanannya enak dan pelayanan cepat,positif,,positif,,,,1,0,1,0,0
Udah sering makan disini sekarang makin cepet pelayanan nya dan makanannya makin manteppp. Tempatnya nyaman ada mushola dan kamar mandi juga super nyaman ðŸ¥°ðŸ˜ðŸ˜ â€¦,positif,,positif,positif,,,1,0,1,1,0
"Makanan enak, tempat bagus, bersih, pelayanan baaik sekaliðŸ’ƒðŸ’ƒðŸ’ƒðŸ’ƒ â€¦",positif,,positif,positif,,,1,0,1,1,0
Lama banget penyajiannya. Jarak penyajian minum sama mie nya bisa sampe 30 menit. Sampe minuman gaada rasanya ðŸ‘Ž â€¦,negatif,,negatif,,,,2,0,2,0,0
Untuk makanannya sih enak ya layanannya juga tapi tolong jaga kebersihannya soalnya saya melihat di bawah meja saya dan orang lain ada banyak sekali sampah,positif,,positif,negatif,,,1,0,1,2,0
"harganya terjangkau
pelayanannya okeðŸ˜» â€¦",,positif,positif,,,,0,1,1,0,0
"makanan enak, pelayanan baik, suasana nyaman",positif,,positif,positif,,,1,0,1,1,0
"Alhamdulillah siang ini dapet makan siang gratis dari mas satria belva nararya â˜ï¸ðŸ˜‡,makasi mas sat atas makanannya ðŸ¥³â˜ï¸ â€¦",,,,,,,0,0,0,0,0
"Tempat dan makanan sangat memuaskan, tempatnya nyaman, makanannya enak, cocok untuk bersantai.",positif,,,positif,,,1,0,0,1,0
"makanannya enakk aku suka udang kejunya, udang kejunya beda sm sebelah, kyak punya khas sendiri",positif,,,,,,1,0,0,0,0
"Pelayanannya bagus, petugasnya ramah, dan untuk makanan nya semua cepet dateng, mungkin pas banyak antrian aja pesananya lama, good sih",,,positif,,,,0,0,1,0,0
"tempatnya baguss & bersih, makanannya enak dan lezaaatt. mantappp.",positif,,,positif,,,1,0,0,1,0
"Alhamdulillah recommended,tempat nyaman,makanan enak,harga terjangkau",positif,positif,,positif,,,1,1,0,1,0
"Tempatnya nyaman banget, pilihan menu banyak mulai dari mie, sushi dan ice cream, dan makanannya enak bgt apalagi rice bowl sambal matah nya",positif,,,positif,,,1,0,0,1,0
Tempat aeshtetic . Nyaman . Harga masih terjangkau . Selama ini kesini pelayanan masih memuaskan siih,,positif,positif,positif,,,0,1,1,1,0
tempat bagus dan makananya enak,positif,,,positif,,,1,0,0,1,0
"tempatnya nyaman, pelayanan ramah, makanan enak",positif,,positif,positif,,,1,0,1,1,0
"Situasi tempat yang cocok buat mencari kenyamanan dan keindahan, apalagi pada keadaan malam hari yang cocok dengan penerangan lampu yang indah",,,,positif,,,0,0,0,1,0
"Rasanya pas sesuai ekspektasi, lumpia udang  enakk bangett, chiken wingsnya juga nampol. Sangat recomended!!!!",positif,,,,,,1,0,0,0,0
tempat nyaman makanan juga enak bnyk variantnya,positif,,,positif,,,1,0,0,1,0
Pelayanan yang semakin meningkat dan rasa yg semakin enakðŸ‘Œ â€¦,positif,,positif,,,,1,0,1,0,0
"Makanannya enak, pelayanannya juga bagus, tempatnya cozy, toplah!!!",positif,,positif,positif,,,1,0,1,1,0
"Lokasinya terjangkau dekat dengan kampus UNEJ, tempatnya bagus dan pelayanannya sangat ramah dan cepat.",,,positif,positif,,,0,0,1,1,0
"tempatnya aesthetic bgt, approved!âœ¦ mie nya enak, rice bowl nya juga ga pelit porsiðŸ‘€ â€¦",positif,,,positif,,,1,0,0,1,0
"tempatnya nyaman, menu banyak dan rekomen, serta pelayanannya baik",positif,,positif,positif,,,1,0,1,1,0
"Bagus bangett, makanan murahÂ² juga enakÂ². So far, so goodâ¤",positif,positif,,,,,1,1,0,0,0
"Tempat sudah nyaman, begitu juga makanannya",positif,,,positif,,,1,0,0,1,0
"Hello Wizzmie, aku baru coba di 2025. Ternyata rasanya enakk, setingkat lebih naik level daripada mie sebelah. Mie kenyal bertekstur tidak menyatu, porsinya banyak, rasa manis gurihnya pas dengan sedikit rasa rempah. Menunya beragam ",positif,,,,,,1,0,0,0,0
"Mienya enak lembut. Biasanya ga pernah habis kalo makan mie ditempat lain kalo ini selalu habis, Suasana tempatnya juga bagus, nyaman lebih manusiawi dari tempat sebelah (mejanya bebas pilih sendiri & ga perlu waiting list buat makan).

Hehe",positif,,,positif,,,1,0,0,1,0
"Mantap, dulu saya kira tempatnya mewah makanannya mahal, ternyata ramah  di kantong, dan makannya dijamin enak2",positif,positif,,netral,,,1,1,0,3,0
"pesen level 5 cabe 35 tapi ga pedes samsek, rasa pedasnya sm seperti temen saya yg level 3
kecewa banget",negatif,,,,,,2,0,0,0,0
"pesanannya kalo di takeaway agak lama ya, kalo makan di tempat lebih cepat (padahal tempatnya tidak terlalu ramai)",,,negatif,positif,,,0,0,2,1,0
"menu beragam, harga sesuai, suasana nyaman, terutama mushola nya sy suka. selalu wangi dan berAC.
pelayanan juga mantap. sigap dan ramah",netral,netral,positif,positif,,,3,3,1,1,0
"suasana enak, tempat comfy, nyaman, adem, makanannya all enak semua",positif,,,positif,,,1,0,0,1,0
"Tempat nya sangat nyaman, bersih, pelayanan bagus dan cepat, stafnya ramah2,  rasa makanannya ðŸ‘. Cocok buat keluarga ðŸ¥°ðŸ¥° â€¦",netral,,positif,positif,,,3,0,1,1,0
"Makanannya mantap, suka chicken wigs sama bowl rice nya ðŸ‘ðŸ‘ðŸ‘ â€¦",positif,,,,,,1,0,0,0,0
Mienya enak. Dimsumnya enak juga. Tempatnya bersih. Pelayanannya ramah.,positif,,positif,positif,,,1,0,1,1,0
Tempatnya nyaman makanannya juga super enak,positif,,,positif,,,1,0,0,1,0
"Makanan + suasana sgt oke. Tapi sayang, mba waiters yg minta tolong untuk review agak kurang sopan karena langsung klik 'post' tanpa tanya lagi apakah ada deskripsi yang ingin saya tambahkan/ cukup. Semoga tida keulang ke cust lain. Mba â€¦",positif,,negatif,positif,,,1,0,2,1,0
"pelayanan ramah, makanannya juga enak apalagi kalo gratisðŸ¥° â€¦",positif,,positif,,,,1,0,1,0,0
"Mie goyangnya lebih enak dari sebelah, varian frappenya murah2. Ada musholanya juga, bersih.",positif,positif,,positif,,,1,1,0,1,0
"Makanan nya enak semua , tempat nya bagus nyaman .
Pelayan nya juga cepat was whess ,",positif,,positif,positif,,,1,0,1,1,0
"suasananya adem, pelayanan cepat dan ramah, makanannya juga proper",netral,,positif,positif,,,3,0,1,1,0
"Tempatnya bagus
Rasanya juga enak ðŸ«¶ðŸ¤¤ â€¦",positif,,,positif,,,1,0,0,1,0
Dimsumnya kurang juicy dan kurang terasa ayam udangnya. Tapi it's ok,negatif,,,,,,2,0,0,0,0
"Lumpia ayamnya enakkk pol, empuk, lembut, yummy, wow mantapðŸ¥° eh tapi yang lain juga enakðŸ«¶ â€¦",positif,,,,,,1,0,0,0,0
suasana dan makanan enak bangett bangett sering bgt kesini hihi,positif,,,positif,,,1,0,0,1,0
"Hanya di menu tidak ada level 0 untuk mie goyang, semuanya enak dan nyaman ðŸ˜‹ â€¦",positif,,,positif,,,1,0,0,1,0
"Tempatnya cozy, makannya enak, kalau bawa anak gampang soalnya ada baby chairnya",positif,,,positif,,,1,0,0,1,0
"tempat nya luas sama bersih banget, pelayanan nya cepett dan pastinya harga nya worth itðŸ˜ â€¦",,positif,positif,positif,,,0,1,1,1,0
"resto lama, customer sepi aja masih lama nunggu. karwayan banyak ngapain aja? tutup aja ganti jualan rujak",,,negatif,,,,0,0,2,0,0
"Pelayanan prima
Menu lengkap
Suasana cozy â€¦",netral,,positif,netral,,,3,0,1,3,0
Wizmie jember best. Rasanya tidak pernah berubah pelayanannya cepat sekali dan ramah banget.,positif,,positif,,,,1,0,1,0,0
Suasana yang sangat nyaman dan makanan yang enak,positif,,,positif,,,1,0,0,1,0
"Selalu cozy, makanan enak n bersih,,kluarga smua sukaa.sukses selalu wizzme",positif,,,positif,,,1,0,0,1,0
Wizzme sangatt cocok untuk para penikmat makanan pedasðŸ”¥ðŸ¤—tidak usah diragukan lagi kuyy cobainâ˜ï¸ â€¦,positif,,,,,,1,0,0,0,0
"Good enoughðŸ‘
so far pelayanannya, makanannya, dan tempatnya sangat bagusâ˜ºï¸ðŸ‘ â€¦",positif,,positif,positif,,,1,0,1,1,0
Makan nya enak bangettðŸ’— â€¦,positif,,,,,,1,0,0,0,0
Pelayanan driver super lemottt padahal sepi,,,negatif,,,,0,0,2,0,0
"Mantap, suasana tempat makannya enak dan luas",,,,positif,,,0,0,0,1,0
"makanan nya enak, pelayanan nya cepet",positif,,positif,,,,1,0,1,0,0
"Tempatnya enak buat kumpul2 bareng temen, keluarga, tempat dan menu juga ramah untuk anak",positif,,,positif,,,1,0,0,1,0
"Pertama kali makan di tempat, Alhamdulillah tempatnya nyaman, bersih. Menunya variatif enak. Biasanya beli di gofood",positif,,,positif,,,1,0,0,1,0
"makanan enak tp kerang sedep aja gitu, pangsitnya enak, suasananya bagus, banyak meja jadi ga bingung tempat meskipun rame",negatif,,,netral,,,2,0,0,3,0
"Makanan enak, tempat nyaman rekomendd",positif,,,positif,,,1,0,0,1,0
"Makanan sangat enak, pelayanan juga sangat baik dan suasana juga nikmat",positif,,positif,positif,,,1,0,1,1,0
Mie nya enak & penyajiannya juga cepet,positif,,positif,,,,1,0,1,0,0
"Parkir mobil harus di halaman campus center, bahaya nyebrangnya jalan ramai, mana ga ikut bangun jalan tapi pasang cone sama ember sampe ambil badan jalan, membahayakan pengguna jalan",,,,negatif,,,0,0,0,2,0
"Sangat baik, pelayanan cepat!",,,positif,,,,0,0,1,0,0
Makanannya enak sama pelayanan nya cepet (gokil cepet banget) pokok terbaik deh,positif,,positif,,,,1,0,1,0,0
"Mie goyangnya enak, pangsit udangnya mantap",positif,,,,,,1,0,0,0,0
Mantap rasa mienya dan tempatnya nyaman,positif,,,positif,,,1,0,0,1,0
"Makanan nya enak cocok di lidahku , dan pelayanannya baik banget ,syukaaa ðŸ˜ðŸ˜ â€¦",positif,,positif,,,,1,0,1,0,0
"Mie nya cepet sampai, cuma untuk minumannya sedikit lebih lama. Tapi wort it untuk kaum pelajar atau mahasiswa gitu",,positif,negatif,,,,0,1,2,0,0
"Makanan enak ,, pelayanan cepet ,, suasananya bagus dan gak antri ,,",positif,,positif,positif,,,1,0,1,1,0
"Menux enak bgt, Pelayanan memuaskan,suasana asekkk",positif,,positif,positif,,,1,0,1,1,0
"tempatnya luas jadi lebih leluasa, pelayanannya cepat dan ramah, dan juga menu makanannya enak banget",positif,,positif,positif,,,1,0,1,1,0
enakkk bgtt plis tempatnya nyamann ngga panass. trs pelayanan jg cepett dan mie selalu fresh hihi. udang rambutannya mantepp bgt favvv,positif,,positif,positif,,,1,0,1,1,0
The best buat keseluruhan. Akan sering datang bersama keluarga,,,,,positif,,0,0,0,0,1
Tempatnya cozy dan enak. Pelayanannya juga cepetðŸ‘ðŸ» â€¦,,,positif,positif,,,0,0,1,1,0
"Antrian panjang,menu lumayan enak,buat anak2 jg enak, ada es krimnya",positif,,,,,,1,0,0,0,0
pelayanannya ramah dan makanannya enak banget,positif,,positif,,,,1,0,1,0,0
"Pelayanan nya oke, mie nya enek tapi pedas nya kurang bagi yang suka pedas, menu favorit saya classic roll dan Ice DJ nya.",negatif,,positif,,,,2,0,1,0,0
"Nyaman banget, dari tempat  pelayanan dan keramahan para pelayan memberikan kesan nyaman tersendiri...",,,positif,positif,,,0,0,1,1,0
"Orderannya lumayan banyak, tapi hasilnya tidak memuaskan karena ketuker-tuker level pdhl pegawainya banyak disana ðŸ¥².
Kotaknya banyak coretan ðŸ˜” â€¦",,,negatif,,,,0,0,2,0,0
"Mantap, menunya variatif, spicy chicken wings rekomen",netral,,,,,,3,0,0,0,0
Makanan enak pelayanan cepat dan ramah,positif,,positif,,,,1,0,1,0,0
"Makanan enak dan murah sih, masih lebih mahal minumannya tapi ukurannya jumbo.. enak juga.. jadi worth it laaah ngajakin anak, keluarga, teman makan mie di sini.. â€¦",positif,positif,,,,,1,1,0,0,0
"Makanan top sih, tapi plis pelayanannya lama banget ada satu jam nunggu belum datang apa mungkin karena baru pertama kali ya, karena ga ngerti konsepnya",positif,,negatif,,,,1,0,2,0,0
"Sangat puaass, dapettt gift dariii sini karena ulang tahunðŸ¥º â€¦",,,,,positif,,0,0,0,0,1
harga sesuai dengan kualitas yang diberikan,,netral,,,,,0,3,0,0,0
"Gelato,mie, minuman es nya enak.kalau sushi nya kurang enak,nasinya keras.dimsumnya belum nyoba",negatif,,,,,,2,0,0,0,0
"Makanannya murah , cepat dan minumannya enak dengan harga yang terjangkau",positif,positif,positif,,,,1,1,1,0,0
"Makanan enak, pelayanan ramah dan cepat",positif,,positif,,,,1,0,1,0,0
"overall oke banget,
pelayannya gercep, rapih dan asik.
thank you, wizzmieðŸ«¶ðŸ» â€¦",,,positif,,positif,,0,0,1,0,1
"Best dan selalu repeat order...
Semoga tetap terjaga rasa dan kebersihannya",netral,,,netral,,,3,0,0,3,0
Suka bgt pangsit gorengnya,positif,,,,,,1,0,0,0,0
"tempatnya luas, bersih bangett, nyaman buat makan bareng temen/habis pulsek kesini hwhwh",,,,positif,,,0,0,0,1,0
"sy pesen udang keju 2, udang rambutan 1, mie goyang lvl 1 2 sama mie goyang lvl 2 1, es teh 4. yg dateng cm mie dan es teh doang, n then sy berposthink lah ya kl masi digoreng, tp smpe sy selesai mkn ttp g dianter. trs sy komplain, mba nya",,,negatif,,,,0,0,2,0,0
"Harga sangat murah, tempatnya bagus banget nyaman lah intinya, soal wifi jangan di tanya kenceng banget wkwk, pokoknya harus banget ke wizzmie sih",,positif,,positif,,,0,1,0,1,0
"Pelayanannya baik , ramah jugaa , oke siap buat tempat mejeng",,,positif,,,,0,0,1,0,0
"enakk banget buat nongki dan ngobrol asik sm temen2, playlist lagunya jg oke",,,,positif,,,0,0,0,1,0
"harga terjangkau, ambience nya nyaman, bareng temen/keluarga juga oke",,positif,,positif,,,0,1,0,1,0
"Dari pelayanan cepat, suasananya enak buat nyantai, rasa sdh mantap dan harga terjangkau....",positif,positif,positif,positif,,,1,1,1,1,0
"Es DJ nggak lengkap, cuma isi jelly doang. Mau ngefoto ga sempet, karena udah haus nunggu datengnya lama.  Agak kaget, kok gini doang esnya. Kupikir emang ga ada buahÂ² pas lewat di kitchen kok beda sama punyaku. Astaga. â€¦",negatif,,,,,,2,0,0,0,0
"pelayanan bagus, makanannya juga tepat waktu",,,positif,,,,0,0,1,0,0
"pengalaman makan saya sangat menyenangkan, pelayanannya sangat memuaskan, dan makanannya juga sesuai dengan ekspektasi",positif,,positif,,,,1,0,1,0,0
Setiap makan di sini ngga pernah mengecewakan. Rasanya selalu konsisten. ENAKK!!,positif,,,,,,1,0,0,0,0
"Pelayanan oke  menu nya variatif dan enak , tempatnya bersih",positif,,positif,positif,,,1,0,1,1,0
"Mienya enak, hanya saja kurang pekat rasa bumbunya...tapi over all enak",negatif,,,,,,2,0,0,0,0
"Pelayanan cepat, rasa enakk dan harga pas di kantong... Cinta banget sama wizzme",positif,positif,positif,,,,1,1,1,0,0
"Sangat terjangkau dan enak sekali, apalagi ada promo mahasiswa â¤",positif,positif,,,,,1,1,0,0,0
"mbak mas nya ramah, toilet dan musholla bersih ðŸ‘ â€¦",,,positif,positif,,,0,0,1,1,0
"Harganya wort it , nyaman banget , tempatnya sejuk , bisa buat family time",,positif,,positif,,,0,1,0,1,0
"Recommended place to hangout âœ¨
Pelayanan cepat dan ramah âš¡ï¸
Mie, dimsum, sushi, gelato, dan minumannya enak ðŸ˜‹ â€¦",positif,,positif,,,,1,0,1,0,0
Makanan nya sih enak pelayanan nya juga ramah,positif,,positif,,,,1,0,1,0,0
"Tempatnya enak, nyaman, aman juga buat bawa bocil.
Makanannya juga rekomended",positif,,,positif,,,1,0,0,1,0
"Enak mienya, tempatnya asik, ada garpu sendok",positif,,,positif,,,1,0,0,1,0
Pelayanan enak banget dan juga makanan enak sekali apalagi suasananya bikin betah,positif,,positif,positif,,,1,0,1,1,0
"Pelayanan ramah,cepet,minuman enak,makanan enak suasana nyaman,tempatnya bagus juga astetik",positif,,positif,positif,,,1,0,1,1,0
"pelayanan ramah, makanan juga enak",positif,,positif,,,,1,0,1,0,0
mie nya selalu enak dan ga pernah berubah,positif,,,,,,1,0,0,0,0
Ingin membawa keluarga kesini menikmati sajian dan suasana yang asyikk... Mantab,,,,positif,,,0,0,0,1,0
"Tempatnya bersih, nyaman dan luas. Menunya super lengkap dan enakkðŸ˜» â€¦",positif,,,positif,,,1,0,0,1,0
Mienya enakkk banget recommended,positif,,,,,,1,0,0,0,0
Mie dan dimsumnya enak banget apalagi udang keju dan udang rambutan !,positif,,,,,,1,0,0,0,0
"Suasana dan makanannya enak, harga terjangkau",positif,positif,,positif,,,1,1,0,1,0
"Untuk hari ini tgl 15 mei 2025.. mienya terlalu manis & spicy chicken juga terlalu maniss
Tpi untuk bulanÂ² sebelumnya enak kokk
Mungkin karena bedaÂ² yg masak kali yaa",negatif,,,,,,2,0,0,0,0
"Harga reasonable tempat nyaman pelayanan cepat
Cocok buat acara keluarga, teman, nongkrong ðŸ‘ðŸ‘ â€¦",,netral,positif,positif,,,0,3,1,1,0
"Pertama kali kesini, pelayanan ramah dan cepat. Tempat bersih, luas dan suasananya nyaman. Makanan cocok di lidah.",positif,,positif,positif,,,1,0,1,1,0
"Cookies and cream nya ga ada creamy creamy sama sekali, kayak cuma minuman susu coklat biasa. Layanannya pun sampah masa ice cream saya tidak dikasih sendok, harus saya sendiri yang ngambil, pelayanan pemalas sekali ini, pangsit ayam nya pun sangat dibandingkan dengan mie gacoan",negatif,,negatif,,,,2,0,2,0,0
"Pelayanannya baik cepat dan rasa mie nya jauh lebih enak dari sebelumnya.
Sukses terus wizmie jember ðŸ¥°ðŸ¥° â€¦",positif,,positif,,,,1,0,1,0,0
tempat nya cozy bangettt sihhh,,,,positif,,,0,0,0,1,0
"Tempatnya nyaman, makanannya enak",positif,,,positif,,,1,0,0,1,0
"Mienya enak, tempat bersih",positif,,,positif,,,1,0,0,1,0
enak mantul nagih murah,positif,positif,,,,,1,1,0,0,0
"Sesuai ekspektasi, makanannya enak, sesuai dengan kantong mahasiswa",positif,netral,,,,,1,3,0,0,0
"Enakk dan mirip sm brand sebelah, dahal dulu bulan September kesini manisss bgt sampe gamau kesini lg.  Eh ternyata enak skrg, good job wizzmie dan mau evaluasiðŸ¤©ðŸ¤© â€¦",positif,,,,,,1,0,0,0,0
Bisa santai2 disini nyaman tempatnya makanannya juga enak,positif,,,positif,,,1,0,0,1,0
"Makanannya rekomend banget, enak, sama harga pas dikantong. Tempatnya juga luas dan adem",positif,positif,,positif,,,1,1,0,1,0
pelayanan nya bagus dan sangat sopan sekali dan pokok nya top sekaliii dan semoga kedepan nya bisa lebih maju lagiðŸ¤—ðŸ¤— â€¦,,,positif,,,,0,0,1,0,0
"makanan, tempat, dan pelayanan lebih enak dari merk sebelahðŸ¤£ðŸ¤£ðŸ¤£ â€¦",positif,,positif,positif,,,1,0,1,1,0
"tempatnya nyaman, makanannya enk, pelayanannya ramah dan suasananya nyaman",positif,,positif,positif,,,1,0,1,1,0
"Makanannya enak enak.
Suka",positif,,,,,,1,0,0,0,0
"Antrian sangat ramai panjang, makanannya enak dan harga terjangkau, hanya pelayanannya cukup lamaa kurang lebih satu jam",positif,positif,negatif,,,,1,1,2,0,0
pertama kali makan sini dan sangat puas dengan makanannya apalagi pelayanannya super satset,positif,,positif,,,,1,0,1,0,0
Tempatnya bersih pelayannya ramah dan baik....,,,positif,positif,,,0,0,1,1,0
"Enak,mantep tempatnya enak sejuk",,,,positif,,,0,0,0,1,0
"ambience and atmosphere di outlet sangat nyaman, aesthetic, sejuk karna konsep terbuka, dan menyenangkan
makanan lezat, service pun juga cepat dan sigap
recommend and will come again ðŸ‘ðŸ»ðŸ‘ðŸ» â€¦",positif,,,positif,,,1,0,0,1,0
"Penyajian pesanan kurang cepat
Makanan lumayan enak
Sushi nya the best",positif,,negatif,,,,1,0,2,0,0
"Baik,ramah ,gercep deh pokoknyaa bintang 100 inimahhh",,,positif,,,,0,0,1,0,0
"tempatnya nyaman, luas dan bersih.",,,,positif,,,0,0,0,1,0
"pelayanannya sangat ramah, mi nya juga enak sesuai sama yg digambar",positif,,positif,,,,1,0,1,0,0
"Pelayanan ramah, tempat estetik, harga murah..
Recommended âœ¨âœ¨âœ¨",,positif,positif,positif,,,0,1,1,1,0
"Pelayanan nya ramah,bagus
Masakan nya jg enak rasanya pas
GK terlalu asin jg GK terlalu gurih aman untuk hipertensi but tidak aman untuk riwayat kolesterol hahahahha",positif,,positif,,,,1,0,1,0,0
"nyaman bgt makan disini
lega",,,,positif,,,0,0,0,1,0
Tempat yang strategis bisa buat kumpul keluarga atau teman,,,,positif,,,0,0,0,1,0
"pelayanan sangat ramah makanan enak bgttt apalagi uadang kejuuðŸ˜‹, favorit saya ðŸ¤£ â€¦",positif,,positif,,,,1,0,1,0,0
sukaaa banget sama menuu nya! Enak semuaaaðŸ˜ â€¦,positif,,,,,,1,0,0,0,0
"Tempatnya nyaman, tapi sayang sekali pelayanannya sangat lama",,,negatif,positif,,,0,0,2,1,0
"Mie, dimsum dan es lemon tea nya enak, pelayanannya sangat cuepat tidak ada 15menit",positif,,positif,,,,1,0,1,0,0
"Enak murah
Tempat luas
Parkiran luas
Ada kolam, bukan buat renang",positif,positif,,positif,,,1,1,0,1,0
Untuk rasa enak tapi untuk setiap menu yang datang lumayan lama untuk satu nota. Mungkin lebih baik lagi ðŸ¤— â€¦,positif,,negatif,,,,1,0,2,0,0
"1 stgh jam nunggu makanan baru dtg. Saran aja, klo gojek udh overload bisa di stop dulu karna yg dine in udah nunggu terlalu lama. Atau diinfokan lebih awal ke cust estimasi waitingnya. Cukup mengecewakan.",,,negatif,,,,0,0,2,0,0
"Setiap ke jember tak lupa mampir ke wizzmie.. ðŸ˜
Menu nya enakkkkk+++++
Pelayanannya pun ramahÂ²...
Intinya gak bosen dehh ke wizzmie... â€¦",positif,,positif,,,,1,0,1,0,0
"Mie nya enak bgt, tempatnya nyaman dan bersih suasanya juga enak. Rekomend lahhh disini",positif,,,positif,,,1,0,0,1,0
"tempatnya cozy, nyaman, mienya juga enak",positif,,,positif,,,1,0,0,1,0
"pelayanan cepat, makanan enak
the bes sih",positif,,positif,,,,1,0,1,0,0
"Tempatnya luas, nyaman buat nongkrong bareng temen. Sushinya juga enak",positif,,,positif,,,1,0,0,1,0
"Tempat nyaman, makanan enak",positif,,,positif,,,1,0,0,1,0
"makan sendirian pun tetep nyaman di wizzmie, mienya ngga kering dan gendut gendut. esnya enakkkkðŸ¥°ðŸ¥° â€¦",positif,,,positif,,,1,0,0,1,0
Wah enak banget tempat dan makanannya ðŸ‘ â€¦,positif,,,positif,,,1,0,0,1,0
"Semua enak dari segi makanan, minuman, tempat, pelayanan jg ramah,",positif,,positif,positif,,,1,0,1,1,0
"tempatnya okeee, makanannya wenakkk, cocok untuk family time.

gelatonya enakk yang duren. â€¦",positif,,,positif,,,1,0,0,1,0
"tempatnya nyaman,pelayanannya cepatt,best bangett",,,positif,positif,,,0,0,1,1,0
"Pelayanan cepat, makanan enak
Mantapp",positif,,positif,,,,1,0,1,0,0
"Rasanya enak ,ramah",positif,,positif,,,,1,0,1,0,0
Enak sekali makanannya dan juga suasananya nyamanðŸ’— â€¦,positif,,,positif,,,1,0,0,1,0
"Mie nya enak shushi nya juga enakðŸ¥°
Saran sih buat mienya buat lebih otentik lagi karna di lidah kayak makan mie pangsit kecap pedes pada umumnya, gak melekat dilidah tapi udah enak kok ðŸ‘ â€¦",negatif,,,,,,2,0,0,0,0
"Tempat nyaman,indah dan sejuk....pelayanan memuaskan,sopan dan ramah",,,positif,positif,,,0,0,1,1,0
"oke banget ini belu pakai promo student card jadi lebih murah, ditanyain feedback juga. bagus bagus bisa jadi evaluasi kedepannya",,positif,positif,,,,0,1,1,0,0
"Tempatnya cozy banget, enak buat nyantai sambil makan mie yg enak disinii",positif,,,positif,,,1,0,0,1,0
Sistem yang baru jelek. Tempat duduk di atur tidak seperti dulu. Yang untuk 2 orang di siang hari panas.,,,negatif,,,,0,0,2,0,0
"Pelayanan nya baik, isi makanannya lumayan banyak dan pedes nya nendang cocok untuk nongkrong segala usia",positif,,positif,,,,1,0,1,0,0
"Pelayanan cepat, makanannya enak dan tempat nya juga bersih",positif,,positif,positif,,,1,0,1,1,0
"tempatnya bagus, dan rasa makanannya sudah pas",netral,,,positif,,,3,0,0,1,0
"Mienya : 8,5/10
Minumnya : 7/10
Udang kejunya: 7/10 â€¦",netral,,,,,,3,0,0,0,0
makanannya enak bangett,positif,,,,,,1,0,0,0,0
"Respon nya luaaaaaaamaaa polll. Konfirmasi pesanan ada yg krg. Order sekita jam 12an melalui shopeefood, DTG jam 13.30an. dan ternyata pesanan yg DTG kurang. 1 item TDK dikirim. Melakukan konfirmasi ke driver TDK ada respon. Konfirmasi lgsg ke wizzme jg Bru direspon jam 9 malam setelah resto tutup",,,negatif,,,,0,0,2,0,0
Enak banget makanannya pdahal baru pertama kali tapi udah jatuh cinta banget,positif,,,,,,1,0,0,0,0
"Tempatnya oke sih bersih , nyaman, kursi banyk, luas juga",,,,positif,,,0,0,0,1,0
"terlalu lama menunggu, makanan baru datang 1,5 jam, pelayanan tidak memuaskan, waiters cuma ada 2, dimsum datang sudah dingin. Katanya sesuai antrian, tapi yang didulukan yang baru datang",netral,,negatif,,,,3,0,2,0,0
pelayanannya bagus dan tempatnya oke bangetttðŸ¤© â€¦,,,positif,positif,,,0,0,1,1,0
Tempat makan mie favorit ðŸ«¶ðŸ¼ðŸ«¶ðŸ¼ â€¦,,,,,positif,,0,0,0,0,1
Terima Kasih Atas Pelayanannya,,,positif,,,,0,0,1,0,0
"tempatnya luas enak, antrian lumayan rame makanannya juga enak",positif,,,positif,,,1,0,0,1,0
"Makanan secara keseluruhan enak , tempat nyaman apalagi kesana bersama kesayangann",positif,,,positif,,,1,0,0,1,0
Makan yg menyenangkan tempat bersih dan nyaman,,,,positif,,,0,0,0,1,0
"Suka banget makan disini
Makanan dan minumannya enak mantap",positif,,,,,,1,0,0,0,0
"Bagus tempatnya, adem. Pelayanan ramah",,,positif,positif,,,0,0,1,1,0
"Tempatnya cozy bgt, makanannya jg enak",positif,,,positif,,,1,0,0,1,0
"Layanannya bagus ramah
Tempat nya nyaman
Makanan enak""
Worth it",positif,,positif,positif,,,1,0,1,1,0
"Makanan enak, tempat nyaman, tdk terlalu bising, pelayanan jg cepat",positif,,positif,positif,,,1,0,1,1,0
Oke kok tempatnya. Makananya juga enak,positif,,,netral,,,1,0,0,3,0
"Good perfom, tambah baby chair doong krna kl puasa gampang sold, selebihnya oke. Pertahankan kualitas yaa",netral,,,negatif,,,3,0,0,2,0
"Makanan nya ok lah , pilihan nya banyak
Pelayanan nya Ok banget ,,
Suasana nya sangat nyaman tempat nya bagus dan cocok untuk nongkrong bareng temen atau pun kluarga",netral,,positif,positif,,,3,0,1,1,0
"Sangat menyenangkan, dan rekomendasi untuk sekedar makan atau hiburan",,,,,positif,,0,0,0,0,1
tempatanya enak makanannya juga worth it pelayanannya cepettðŸ‘ðŸ»ðŸ‘ðŸ» â€¦,positif,,positif,positif,,,1,0,1,1,0
"Pelayanan ok, Ramah dan cepat",,,positif,,,,0,0,1,0,0
"Alhamdulillah semua sesuai, tapi ada sedikit kesalahan pesanan di tingkatan level. Tapi setelah komplain langsung diganti",,,positif,,,,0,0,1,0,0
"Emang mie nya enak, udah cocok dari dulu, tiap pulang kerja weekend sering kesini",positif,,,,,,1,0,0,0,0
"Suka banget sama tempatnya,makananya,sekaligus pelayananya.",positif,,positif,positif,,,1,0,1,1,0
"Layanan nya cepat ,,, tempat nya luas bersih.... recommended bgt",,,positif,positif,,,0,0,1,1,0
makanan nya enak pelayanan nya ramah dan cepatt,positif,,positif,,,,1,0,1,0,0
"Mie favoritku, lebih suka mie ini dari yg lainnya, selain juga pelayanan cepet , rasanya endulita",positif,,positif,,,,1,0,1,0,0
Pelayanan nya sangat baik dan ramah,,,positif,,,,0,0,1,0,0
"Untuk enviroment di venue sudah sangat nyaman, perlu ditingkatkan untuk rasa dimsumnya aja. Siomay nya masih keras setelah dingin",negatif,,,positif,,,2,0,0,1,0
"Tempatnya bagus
Makanannya juga enak dan menunya lengkap
Fasilitasnya juga nyaman",positif,,,positif,,,1,0,0,1,0
"Wahhh tempatnya bagus sekaliii nyaman untuk bersantai
Lope lope sekebonâ¤ï¸
Oh iyaa,udang rambutannya di kurangi rambutnya dong
Makasiii",negatif,,,positif,,,2,0,0,1,0
enak dan suasananya juga mendukung cocok untuk santay santayyy rekomen bgt rekkðŸ—¿ â€¦,,,,positif,,,0,0,0,1,0
Ga ada asbak aja si,,,,negatif,,,0,0,0,2,0
"Enak banget, tempatnya juga bagus. Sangat recomended ðŸ‘ â€¦",,,,positif,,,0,0,0,1,0
"Pelayanannya sangat ramah,menu ngga ada yg gagal, tempatnya bersih,sukses selalu untuk wizzmie",netral,,positif,positif,,,3,0,1,1,0
"Pelayanan Ramah, Cepat dan Makanan yang dipesan semuanya enak enak...",positif,,positif,,,,1,0,1,0,0
"pelayanannya oke & ngga nunggu lama, rasa juga overall enakkk!â­ï¸",positif,,positif,,,,1,0,1,0,0
"Untuk saya pengalaman pertama kali dari kasir tidak di sampaikan untuk pengambilan gelato,jadi sempet bingung.",,,negatif,,,,0,0,2,0,0
Tempatnya Nyaman Cocok Buat Nongki Ngumpul Klrga Or Sahabat Or Ortu Buruan Jng Nunggu Lama Lgi Yukk Ke Wizzmie,,,,positif,,,0,0,0,1,0
Suasana adem bersih pelayanan nya ramah pelayanan yang dilakukan di customer sangat cepat membuat pelanggan tidak menunggu terlalu lama,,,positif,positif,,,0,0,1,1,0
"Tempat suka, antri aman lah, pelayanan good banget, makanan jangan ditanya lagi ðŸ¤© â€¦",positif,,positif,positif,,,1,0,1,1,0
Harga makin naik biasa nya pesen mie goyang menu nya 11k total jadi 13 kadang 14 tidak sesuai beli mie 1 bungkus tidak di kasik kresek,,negatif,negatif,,,,0,2,2,0,0
"Enaaakk banget makanannya, harga terjangkau, tempatnya enak banget...",positif,positif,,positif,,,1,1,0,1,0
Tempat nya sangat nyaman dan tenang hehe,,,,positif,,,0,0,0,1,0
Pelayanan dan makanannya sangat baik,positif,,positif,,,,1,0,1,0,0
"tempatnya bagus, nyaman, luas, pelayanan topp bangettt, worth to try and buyy!!!",,,positif,positif,,,0,0,1,1,0
"Untuk kasir lebih teliti menanyakan pesanan dr pembeli biar tidak kurang, capek nunggu kalau lama",,,negatif,,,,0,0,2,0,0
"Pelayanannya sangat ramah, puas banget makan di wizzmieðŸ¥° â€¦",,,positif,,,,0,0,1,0,0
"Mie nya enak dan ga beeminyak, harga murah, untuk level kepedesan harap lebih teliti lagi karna pesen cabe 1 yg dateng level 1. Karyawan ramah dan helpful overall puasa",positif,positif,negatif,,,,1,1,2,0,0
"Rasa makanan enak, pelayanan juga ramah ,tempatnya bagus dan bersih",positif,,positif,positif,,,1,0,1,1,0
"Kesini yang paling d carii es krimnya
Soalnya seenak ituu
Dimsum nya enak bangett juara sihhh di wizzmie â€¦",positif,,,,,,1,0,0,0,0
Pelayan nya terbaik ... menu x jg enak semua,positif,,positif,,,,1,0,1,0,0
"Rasa sesuai selera, pelayanan OK dan kebersihan OK",netral,,netral,netral,,,3,0,3,3,0
"Pelayanannya memuaskan, menunya juga top semua",positif,,positif,,,,1,0,1,0,0
"Parkir roda 2 tersedia, jika roda 4 atau lebih sebaiknya parkir di seberang jalan.
Tempatnya bersih. â€¦",,,,negatif,,,0,0,0,2,0
makanannya yummy dan murahh sekalii ðŸ’—ðŸ’—ðŸ’— â€¦,positif,positif,,,,,1,1,0,0,0
"Hari ini pertama kali nyoba WIZZMIE
Dan aku akui mienya versi aku bgtt
Basah dan nyemek gtuu gk kering â€¦",netral,,,,,,3,0,0,0,0
kurang memuaskan untuk t4 duduk tidak bisa bebas milih seperti dulu sekarang duduk disesuaikan pakai nomer jadi tidak bisa memilih duduk sesuai keinginan,,,negatif,negatif,,,0,0,2,2,0
Tempat sangat luas. Makanan lumayan enak,positif,,,positif,,,1,0,0,1,0
mas/mbak nya murah senyum lho yaðŸ˜¹ â€¦,,,positif,,,,0,0,1,0,0
"Enak murah, tp akhir2 ini spicy chicken kurang bumbu, minuman kurang penuh",negatif,positif,,,,,2,1,0,0,0
Pelayanan cepat suasana nyaman,,,positif,positif,,,0,0,1,1,0
"Semuanya perfect rasanya juga sangan enak apalagi yang udang rambutan, pelayanan juga ramah, dan penyajian makanannya super cepet gak sampai 5 menit sudah datang the best pokoknya",positif,,positif,,,,1,0,1,0,0
"Terimakasih mbak cerin, dari kami ibu ibu Bartim. Baratan timur",,,,,positif,,0,0,0,0,1
"Bagus sih, makanan enak, harga ekonomis",positif,netral,,,,,1,3,0,0,0
"tempatnya nyaman, luas dan makanan nya juga enak.",positif,,,positif,,,1,0,0,1,0
"so good, tempatnya luas, bersih, estetik
makanannya juga enakk",positif,,,positif,,,1,0,0,1,0
"makanan dateng cepat, rasanya mantap",positif,,positif,,,,1,0,1,0,0
"makanannya enak, tdk perlu menunggu lama, tempat makannya juga nyaman",positif,,positif,positif,,,1,0,1,1,0
"mienya enak, pedas manis mantuls, dimsum juga selalu disajikan keadaan panas",positif,,,,,,1,0,0,0,0
"Tempatnya tenang, rasa mienya juga cocok dengan aku yang suka gurih pedas",positif,,,positif,,,1,0,0,1,0
Untuk tempat dan makanan menurut saya enak dan nyaman juga pada harga sudah affordable bagi saya,positif,netral,,positif,,,1,3,0,1,0
"Pelayanan cukup ramah,makananya cocok dan bersih semuanya",positif,,positif,positif,,,1,0,1,1,0
"Makannya enak, harganya juga aman dikantong. Tempatnya luas bersih dan nyaman",positif,positif,,positif,,,1,1,0,1,0
"Tempat bagus dan nyaman, makanan enak",positif,,,positif,,,1,0,0,1,0
Enak bangett suka banget sama mie goyang,positif,,,,,,1,0,0,0,0
"Makanannya enak, cocok buat family time, tempatnya nyaman friendly dekat dengan pusat kota",positif,,,positif,,,1,0,0,1,0
"kerenn bisa dateng di MAN 1, event selanjutnya dateng lagi ya kakk, kami tunggu.",,,,,positif,,0,0,0,0,1
"Makanan nya sangat lembut,Lezat Dan Pelayanan Ya Sangat Bagus. Minuman nya juga segar",positif,,positif,,,,1,0,1,0,0
"MANTAPP
Saran Kak,,Level 6 (Max) CABE kasih POLL Kak,,hehe",netral,,,,,,3,0,0,0,0
pelayanan bagus tempat nyaman apalagi outdoor nya. worth it banget,,,positif,positif,,,0,0,1,1,0
"Enak, pertama kali, nunggu ga lama, sabar sabar karyawannya",positif,,positif,,,,1,0,1,0,0
"Tempatnya nyaman luas, makanannya juga enak, antrinya juga ga panjanggðŸ¥° â€¦",positif,,,positif,,,1,0,0,1,0
"Pelayanan yang cepat, enak dibuat santai maupun nongkrong. ðŸ¥³ â€¦",,,positif,positif,,,0,0,1,1,0
"Untuk harga,rasa,dan pelayanannya ok banget good job wizmie.. makin suksessssss",positif,positif,positif,,,,1,1,1,0,0
"Tempat lumayan bagus.,hanya mungkin kalau keadaan rame bisa ditingkatkan pelayanan nya.,saya pesan minuman 2 yang datang 1.,sudah ditanyakan berulang kali tetep belum datang padahal hanya es teh.,kenapa yang datang duluan avocado coffe .,hanya kritik saran untuk kedepannya lebih baik lagi., terimakasih",,,negatif,positif,,,0,0,2,1,0
"Tempatnya nyaman bgt cocok buat ngedate atau breng kluarga , makanannya enak , pelayanannya ramah bgt",positif,,positif,positif,,,1,0,1,1,0
"Tempatnya nyaman, banyak varian jg nggak cm mie, harga terjangkau..",netral,positif,,positif,,,3,1,0,1,0
"Mau pesan mie goyang level 0 gak boleh alias gak bisa, tetapi wizzme di daerah lainx bisa, antrian panjang + kasir lelet abiez, jika terjadi antrian panjang seharusnya kasirnya ada 2",,,negatif,,,,0,0,2,0,0
Suasananya nyaman dan makanannya enak.,positif,,,positif,,,1,0,0,1,0
"Estetik, cocok untuk tempat berkumpul dengan orang tersayang",,,,positif,,,0,0,0,1,0
Untuk rasa enak harga masih ramah di kantong tempat bersih puas bgt dengan pelayanan nya,positif,positif,positif,positif,,,1,1,1,1,0
"Tempatnya nyaman, pelayanan nya cepat, makanannya juga enak-enak,,,",positif,,positif,positif,,,1,0,1,1,0
"Mienya enak, tempatnya luas, paling suka bagian kamar mandi karna luas dan bersihðŸ‘ â€¦",positif,,,positif,,,1,0,0,1,0
"Waktu order rame rame sih, kebetulan aku order mie disko lv 1 sama rice bowl sambal matahnya. Sebelumnya jg uda beli beberapa kali tapi makan ditempat. Selama makan di tempat gaperna ada kekurangan apa apa sih. ",,,netral,,,,0,0,3,0,0
"Rasa mi nya pas
Harga juga terjangkau,pelayanan baik dan suasananya nyaman",positif,positif,positif,positif,,,1,1,1,1,0
Makanan disini enak tempatnya juga cozy,positif,,,positif,,,1,0,0,1,0
Mie nya enak. Tapi sayang udang rambutannya sangat keras. Mungkin bisa di cek kembali sebelum dihidangkan ke konsumen. Semoga lebih baik lagi. Terima kasih,negatif,,negatif,,,,2,0,2,0,0
Tempatnya sangat nyaman sekali,,,,positif,,,0,0,0,1,0
"Pelayanannyaa ramah, sangatt nyaman, rasa nya passs",positif,,positif,positif,,,1,0,1,1,0
"Mantap sih, suasana okee dan es tehnya wenak pwoll ðŸ¥° â€¦",positif,,,positif,,,1,0,0,1,0
"Amazing, tempat nyaman
Mungkin ada tempat Playground untuk menambah kenyamanan anak2",,,,positif,,,0,0,0,1,0
"makanannya enak mantap djos, gacor",positif,,,,,,1,0,0,0,0
"Tempat bersih dan memadai, makanan higenis, pelayanan cepat, mantab",positif,,positif,positif,,,1,0,1,1,0
"enakkk plisssss,,, pangsit nya udang nya kerasa bangettt",positif,,,,,,1,0,0,0,0
"enak banget wizzmie celaloe di hatiq, sukses selalu wizzmie, smoga yg bikin wizzmie masuk surga",positif,,,,,,1,0,0,0,0
"Wizzmie enakk bgtt, pelayanannya cepettt, tempatnya adeeem, daann ada wifi nyaa, jadi bisa buat ngerjakan tugasss",positif,,positif,positif,,,1,0,1,1,0
"Pelayanan cepat, makanan enak",positif,,positif,,,,1,0,1,0,0
"Order take away, rasa tetap mantul dengan harga terjangkau, so worth it ðŸ«° next mau coba varian menu yang lain ðŸ˜ðŸ¥° â€¦",positif,positif,,,,,1,1,0,0,0
"pelayanannya baguss,makananya juga enakÂ²ðŸ¤© â€¦",positif,,positif,,,,1,0,1,0,0
"cepat penyajian nya,makanan nya enak",positif,,positif,,,,1,0,1,0,0
"Pelayanannya cepatt, kakaknya ramahÂ², mienya enakkkðŸ˜ â€¦",positif,,positif,,,,1,0,1,0,0
"pelayanannya lebih ditingkat lagi, tapi sudah oke kok dari segi makanan dan tempat",positif,,negatif,positif,,,1,0,2,1,0
"Makanan layanan mantap
Masukan saja U/tempat ibadah bisa lebih luas dan layak ðŸ˜€ðŸ‘ â€¦",positif,,positif,negatif,,,1,0,1,2,0
"Bagus, mbak nya ramah, bisa surprise ulang tahun juga dibantu sama staff nyaa",,,positif,,,,0,0,1,0,0
"Makanannya sangat lezat dan lengkap. Pelayanannya ramah sekali, pesanan cepat sekali datang, tapi masih hangat. Suasanya nya menyenangkan, membuat makan menjadi lebih nikmat",positif,,positif,positif,,,1,0,1,1,0
"pelayanannya sangat ramah, cepat dan tempatnya bersih.",,,positif,positif,,,0,0,1,1,0
"Salut sama pelayannya, mendukung banget kalo ada yg ulang tahun",,,positif,,,,0,0,1,0,0
"pelayanannya ramah, makanannya wort ith",positif,,positif,,,,1,0,1,0,0
"So far so good, enak banget murah dn abordable banget.. tmpt ny jg bersih.. yg pecinta mie wajib ke sini..",positif,positif,,positif,,,1,1,0,1,0
Makanan pas dan lokasi bersih pelayanan juga ramah,netral,,positif,positif,,,3,0,1,1,0
"Tempat nya luas, cocok buat mahasiswa yang mau nongkrong",,,,positif,,,0,0,0,1,0
"Mienya enak, lembut, pedasnya pas. Tempatnya enak. Suasananya enak apalagi kalau gak rame atau antri.",positif,,,positif,,,1,0,0,1,0
Mie nya enak banget sesuai selera saya. Rekomen buat yang suka mie,positif,,,,,,1,0,0,0,0
"bersih nyaman pelayanan cepat, rasa enak",positif,,positif,positif,,,1,0,1,1,0
"pelayanannya ramba dan baik, makanannya enak",positif,,positif,,,,1,0,1,0,0
"Makanan cepat datang, service best",netral,,positif,,,,3,0,1,0,0
"wueenakkk, cozy, resiikk, murmerrr maa syaa Allah. pertahanin kalo bisa tingkatinðŸ”¥ â€¦",,positif,,positif,,,0,1,0,1,0
"Makanannya enak mantap, tempatnya nyamann",positif,,,positif,,,1,0,0,1,0
Nilai 10 dari 10 deh buat all varian makanan dan minumannya,positif,,,,,,1,0,0,0,0
tempatnya nyaman makanannya juga enak enak,positif,,,positif,,,1,0,0,1,0
Tempat nyaman dan makanan enak,positif,,,positif,,,1,0,0,1,0
"tempatnya cozy abiz si, harga sm rasanya worth it banget",positif,positif,,positif,,,1,1,0,1,0
"Buat rasa enak
Suasana sama pelayananya oke",positif,,positif,positif,,,1,0,1,1,0
Untuk harganya worth it lagi ada promo khusus mahasiswa jadi bener bener murah,,positif,,,,,0,1,0,0,0
"Tenang dan sejuk, pelayanan cepat, dan higienis.",,,positif,positif,,,0,0,1,1,0
"the food is good, pelayanannya juga ramah, kesini aja deh pokoknya kalo laper, murah jugaðŸ‘ â€¦",,positif,positif,,,,0,1,1,0,0
"Makanan datang cepat, pelayanan ramah",,,positif,,,,0,0,1,0,0
"Over all oke, dari segi pelayanan dan tempat cukup cozy buat nongkrong",,,positif,positif,,,0,0,1,1,0
"Pelayanan terlalu lama,dan tempat tinggi kurang nyaman",,,negatif,negatif,,,0,0,2,2,0
"harganya kantong pelajar bgtt, tempatnya nyaman, dan pelayanan topppðŸ«°ðŸ»ðŸ«°ðŸ» thankk u wizzmie â€¦",,positif,positif,positif,,,0,1,1,1,0
Suka makan disini...menunya cocok semua di lidah.tempatnya nyaman.makasih wizzmie,positif,,,positif,,,1,0,0,1,0
"Tempatnya cozy, mie nya enak, harganya murah. Recommended",positif,positif,,positif,,,1,1,0,1,0
"tempatnya bersih, pelayanan nya sangat baikk. Menu nya banyak , dan harga terjangkau untuk kantong pelajar",netral,positif,positif,positif,,,3,1,1,1,0
"Suasananya oke sih, rasa mienya mantapp",positif,,,positif,,,1,0,0,1,0
"Pelayanan cepat, dan suasana nya adem dan nyaman",,,positif,positif,,,0,0,1,1,0
"pelayanannya cepet bangett, ga sampe 15 menit uda datang, good job makanannya juga enak,tempatnya bersih, overall bagus banget",positif,,positif,positif,,,1,0,1,1,0
recommendedâœ¨tempatnya nyaman banget,,,,positif,,,0,0,0,1,0
"pelayanan yang ramah,overall makanannya enakkk,apalagii orange splash nyaaaaaa",positif,,positif,,,,1,0,1,0,0
"Enak bangett makanannya, tempat dan pelayanannya bagus banget",positif,,positif,positif,,,1,0,1,1,0
"Duduk sambil dengarkan musik, lupa pulang..",,,,netral,,,0,0,0,3,0
"Tempatnya cozy banget, makanannya enak juga. Namun, ada 1 menu yg lama banget dianterin. Nunggu sampek 40 menit.",positif,,negatif,positif,,,1,0,2,1,0
Tempat nya yang sangat nyaman dan makanan nya enak,positif,,,positif,,,1,0,0,1,0
"Tempat nyaman, pelayanannya cukup cepat, suasana enak",,,positif,positif,,,0,0,1,1,0
Cita rasa chicken karage  hambar&aroma lada kurang terasa. Ttg penyajian sdh oke.,negatif,,positif,,,,2,0,1,0,0
pelayanan nya bagus mie nya enak,positif,,positif,,,,1,0,1,0,0
tempatnya nyaman dan dimsum nya enak enak,positif,,,positif,,,1,0,0,1,0
maaf banget untuk perihal manajemen nya mohon untuk dirubah. saya juga tidak mengerti perihal jobdisknya bagaimana. saya pesan makan di TA dari jam 12.15. saya pantau makanan sudah jadi tapi tidak ada yg membungkusnya. ,,,negatif,,,,0,0,2,0,0
"tempatnya nyamann , pelayanannya cepat , baik bgt",,,positif,positif,,,0,0,1,1,0
"makanannya enak, cuma kadang pelayanannya sedikit lama",positif,,negatif,,,,1,0,2,0,0
"Pelayanan cepat, untuk pelayanan mba nanda sangat ramah, tempat bersih",,,positif,positif,,,0,0,1,1,0
Makanan enak harga terjangkau,positif,positif,,,,,1,1,0,0,0
Rasanya enak karena di traktir,positif,,,,,,1,0,0,0,0
Jangan lupa mampir pelayanan bintang 5,,,positif,,,,0,0,1,0,0
"enak makanannya, nyaman untuk brainstorm",positif,,,positif,,,1,0,0,1,0
"Penyajian dan rasa makanannya enak, suasana juga nyaman, pelayanannya juga baik.",positif,,positif,positif,,,1,0,1,1,0
Enak sekalii bersih dan nyaman,,,,positif,,,0,0,0,1,0
Tempatnya asik enak buat ngobrol dan makanannya cepet banget keluar,,,positif,positif,,,0,0,1,1,0
Pelayanan kurang memuaskan... Lelet pelayanannya menunggu makanan hampir 1 jam ditanya ternyata blm di buatkan malah yg datang setelah saya d layani,,,negatif,,,,0,0,2,0,0
"Tisu tdk tersedia di meja, terganggu ada pembeli yg merokok ditempat",,,,negatif,,,0,0,0,2,0
"Mie nya enak cuma bumbunya kurang kerasa trus udang kejunya ada kulit udang yang keras sehingga bisa menyebabkan tertusuk di bagian mulut, pelayanan kurang ramah tapi gercep bingiittsssðŸ¤™ â€¦",negatif,,negatif,,,,2,0,2,0,0
"Pelayanannya ramah.. tempatnya nyaman, makanan juga enakk bangettt mantabbb",positif,,positif,positif,,,1,0,1,1,0
"I love this place, makanan nya enak",positif,,,positif,,,1,0,0,1,0
"suasananya enak, mushollanya adem ayemmm,
cabe 2 ternyata kurang pedas yaaðŸ˜­ðŸ˜­tpi overall enakk â€¦",netral,,,positif,,,3,0,0,1,0
Terimakasih mbak cerin inisiatifnya buat ngasih kejutanðŸ«° â€¦,,,positif,,,,0,0,1,0,0
"Makanannya cepat sampai, enak, tempatnya ademmm, enak buat kumpul sama temen",positif,,positif,positif,,,1,0,1,1,0
"Makanan, layanan, dan suasana nyaman. Tingkatkan terus ya ^^",positif,,positif,positif,,,1,0,1,1,0
tempatnya asik dan makanannya enak,positif,,,positif,,,1,0,0,1,0
Enak banget recomendedd spicy wings sama rice bowl sambal matah,positif,,,,,,1,0,0,0,0
Pelayanan cepat dan semua menu rekomen,positif,,positif,,,,1,0,1,0,0
"Tempatnya nyaman,bisa untuk charger HP juga,pelayanannya ramah",,,positif,positif,,,0,0,1,1,0
"Porsi nya sedikit kecil, pelayanan nya top banget, tempatnya estetik, lumayan lah yaa",negatif,,positif,positif,,,2,0,1,1,0
"Tempatnya bersih rapi, makannnya enak dan harganya terjangkau di kantongg pesenanya cepet sampai",positif,positif,positif,positif,,,1,1,1,1,0
"mie nya enak dgn harga terjangkau, tempatnya bersih dan modern",positif,positif,,positif,,,1,1,0,1,0
Suka banget sama mie goyang nya sama lumpia udang,positif,,,,,,1,0,0,0,0
Order merdeka 3 tapi invoice merdeka 2 n tdk di bacakan ulang oleh kasir menu ordernya,,,negatif,,,,0,0,2,0,0
Langganan sejak pertama kali buka di jember terbaik,,,,,positif,,0,0,0,0,1
"Enak, murah, cepat",positif,positif,positif,,,,1,1,1,0,0
"Biasanya ga pernah kasi ulasan.
Tapi kali ini pengen ngasi ulasan karena ada kesan baik untuk pegawainya. â€¦",,,positif,,,,0,0,1,0,0
"tempatnya nyamanpwoll, harganya affordable dan rasanya wenakpwoll!!!!! yg terpenting pelayanan ramah kweren!",positif,positif,positif,positif,,,1,1,1,1,0
pelayanannya cepat dan tempatnya nyaman bgt,,,positif,positif,,,0,0,1,1,0
"Level 1 Cabe 1 nya terlalu pedes , rasanya ga konsisten",negatif,,,,,,2,0,0,0,0
"Mienya enak bgt, minumannya jg enak dan bnyk,,, hanay untuk evaluasi,, krupuk pangsit ayamnya agak keras..mngkn bs lbh d lunakkan... â€¦",negatif,,,,,,2,0,0,0,0
Rasa yang enak. Tempat nyaman. Pelayanan ramah.,positif,,positif,positif,,,1,0,1,1,0
"Makanan nya enak , harga nya juga terjangkau sih pelayanan nya juga bagusðŸ¥° â€¦",positif,positif,positif,,,,1,1,1,0,0
"Mie nya enak banget, recomended, mbak mas nya baik2, the best",positif,,positif,,,,1,0,1,0,0
"tempatnya bersih, Instagram able,sejuk, pelayanannya bagus,dateng nya juga cepet",,,positif,positif,,,0,0,1,1,0
"Makanan dan semua pelayananya tidak ada yg kurang ,â¤",netral,,netral,,,,3,0,3,0,0
Makanan dan servis oke sekali,positif,,positif,,,,1,0,1,0,0
"Ih bagus banget pelayanannya,,keliatan bawa kue sama pelayannya langsung ditanya ada yang ultah ya? Trs sama karyawannya langsung dibawain sambil di anuin lagu ultahhh",,,positif,,,,0,0,1,0,0
Pelayanan ramah makanan datang tepat waktuu harga juga terjangkau untuk kalangan mahasiswa,,positif,positif,,,,0,1,1,0,0
"mienya enak, level 1 udah pedes cuma menurut aku sih agak kemanisan. yang ori kalo bisa sih kecapnya di kurangi soalnya jadi eneg makannya gara gara kemanisan, kalo yang level 1-6 mungkin manisnya masih bisa tertutupi rasa pedesnya, mungkin â€¦",negatif,,,,,,2,0,0,0,0
Tempatnya nyaman dan worth it untuk keluarga,,,,positif,,,0,0,0,1,0
"Tempat terbaik untuk makan bersama kluarga, khusunya pencinta mie",,,,positif,,,0,0,0,1,0
"Pelayanan ramah, makanan enak, bersih tempatnya",positif,,positif,positif,,,1,0,1,1,0
Baik makanan nya enak tempat nya nyaman,positif,,,positif,,,1,0,0,1,0
"makanannya terlalu asin jujur saya hampir ennek sampek mau muntah tapi saya tahan karena saya bayar terus harganya mahal, udang rambutannya gak enak, mie yang di selimuti kayak mie burung dara yang warna kuning jadi gampang ennek, terus mienya terlalu basah",negatif,negatif,,,,,2,2,0,0,0
"Menurut saya sih enak, kalau ada yang ngerasa aneh mungkin karena udah terbiasa sama bumbu yang sebelah. Tapi bagi saya malah yang ini lebih legit, sebelah kualitasnya kurang konsisten. Tempatnya juga enak banget buat kumpul-kumpul chill. Pelayanannya juga bagus, stafnya pada baik-baik.",positif,,positif,positif,,,1,0,1,1,0
"Makanan datang cukup cepat, pelayanan cukup baik",,,positif,,,,0,0,1,0,0
"Pelayanan nya bintang 1. Uda nambah es garaÂ² kepedesan, malah ga dianter smpe Â±15 menit nunggu nya. Setelah ku kasir baru dianter, tapi dianter nya malah ke mbaÂ² lain yg pake no meja ku di awal, pdhl pas lewat depan ku masÂ²nya aku panggil â€¦",,,negatif,,,,0,0,2,0,0
"Tempat bagus, pelayanan juga bagus, tapi lagu terlalu keras, temenku kebisingan. Kalo soal makanan hampir sama kayak gacoan, cuma pangsit lebih kecil, tapi tetep enak. Kasian temenku kepedasan sampai keringetan",negatif,,positif,negatif,,,2,0,1,2,0
"Enak , tapi pegawainya ditambah kalo siang ga ngatasin yg bagian nganter
Ninggunya sampai 30 menit",positif,,negatif,,,,1,0,2,0,0
"Cukup puas untuk pembeli yang santai dan tidak terlalu buru2, karena pesan makanan outnya lama, rata2 sampe 1 setengah jam kita nungguin.",,,negatif,,,,0,0,2,0,0
"Tempatnya nyaman, makanan dan minumannya enak",positif,,,positif,,,1,0,0,1,0
"Masak mie nya jgn lama"" kak, pas waktu dtg mie nya dinginðŸ˜­ðŸ˜­ðŸ˜­ â€¦",negatif,,negatif,,,,2,0,2,0,0
"Mantapp banget, lengkap menu-menunyaa, pelayanannya juga ramah pol, love it!!!",netral,,positif,,,,3,0,1,0,0
"makanannya enakk, tempatnya comfy, pelayanannya okeeðŸ«¶ â€¦",positif,,positif,positif,,,1,0,1,1,0
"Tempatnya nyaman, harganya terjangkau",,positif,,positif,,,0,1,0,1,0
"Pelayananan oke, siippp
Suka sama Mienya bumbunya mantullll, namun ada beberapa menu  seperti Rice bowl , kurang pas. Tapi yg lainnya oke siih. Sukses terus",negatif,,positif,,,,2,0,1,0,0
"tempatnya adem, makannya enak, kasirnya informatif, waiters ramah",positif,,positif,positif,,,1,0,1,1,0
"Makanan enak, cepat penyakitnya, harganya murah berkualitas, paling suka mie goyang, dimsum,  sm Avocado Frape.",positif,positif,,,,,1,1,0,0,0
selama makan di wizzmie enak dan cepat pesanannya,positif,,positif,,,,1,0,1,0,0
"makanan, minuman,layanan, dan tempat wizzmie baguss dan baik sekali",positif,,positif,positif,,,1,0,1,1,0
"tempat nyaman, pelayanan ramah ðŸ˜ â€¦",,,positif,positif,,,0,0,1,1,0
Suasana menyenangkan dengam rasa yang sangat otentik dan berciri khas,positif,,,positif,,,1,0,0,1,0
ga nyangka bisa dateng di event maulidnya MAN 1 Jember ðŸ˜‡ â€¦,,,,,netral,,0,0,0,0,3
Tempatnya bersih luas bagus,,,,positif,,,0,0,0,1,0
"mie goyang lv 1 nya enak bangetttt, ga kalah sama sebelah cuman kenya lumpia udangnya agak asin ya (padahal saya udah suka asin) tapi isian udangnya kerasa banget, gelato matcha nya juga uenak poll, ga antrii panjang dateng pesan langsung â€¦",negatif,,,,,,2,0,0,0,0
"First time makan disini dan first impression adalah, bisa parkir buat mobil!
Pelayanan cepet banget, antriannya pas agak lowong si tapi kondisi tempat lagi rame. Mie nya enak, kenyal, pedesnya nampol, lumpia udangnya oke",positif,,positif,positif,,,1,0,1,1,0
"Enak sekali, nanti datang lagi",positif,,,,,,1,0,0,0,0
Makanan nya enak.  Tempatnya pun jga nyaman.,positif,,,positif,,,1,0,0,1,0
"Pelayanan sat set
Ambil paket student lumayan bgt buat kantong pelajar",,netral,positif,,,,0,3,1,0,0
"Mienya pas
Matcha lattenya enak",positif,,,,,,1,0,0,0,0
"Pertama kali, tapi gak kecewa ðŸ¤©ðŸ¤¤

Suka sama suasananya, sejuk âœ¨ â€¦",,,,netral,,,0,0,0,3,0
"Makanannya enak, pelayanan lumayan cepet. Yang paling oke tempatnya sih, cozy nyaman buat makan dan nongki tipis2 sama temen atau keluargaa",positif,,positif,positif,,,1,0,1,1,0
enak dan tempatnya nyaman,,,,positif,,,0,0,0,1,0
Tempat nyaman dan luas apalagi buat yang bawa anak. Makanan juga crpat datang dari selesai pesan. Rekom bgt makan disiniii,,,positif,positif,,,0,0,1,1,0
Menunya enak makanan juga enak tapi parkir belum qris. Kalau bisa pakai qris juga ya biar bisa bintang 5,positif,,,negatif,,,1,0,0,2,0
"Makanan datangnya lama hampir 2 jam'an, tempat duduk banyak yang kotor ga ada yg bersihÂ², tolong di perbaiki",,,negatif,negatif,,,0,0,2,2,0
Tempatnya nyaman dan makananya enak,positif,,,positif,,,1,0,0,1,0
Lumayan yaa.. tempatnya rame,,,,netral,,,0,0,0,3,0
"Asli enak, ga ngecewain sih rasanyaaðŸ¥° â€¦",positif,,,,,,1,0,0,0,0
tempat ini sangat nyaman dan bagus,,,,positif,,,0,0,0,1,0
pelayanan cepet bangett cs mba sari keren,,,positif,,,,0,0,1,0,0
Murah Bangett Rasa juga enak Worthed deh pkok nya... Suasana juga nyaman bangeddd... TOP deh ðŸ˜ â€¦,positif,positif,,positif,,,1,1,0,1,0
"Tempatnya oke. Tapi mejanya lama di beresinya. Makanannya oke banyak pilihan, tapi ada beberapa rasa yang kurang pas buat aku. Overall amannn",negatif,,negatif,positif,,,2,0,2,1,0
"Bukan pertama kali juga kesini, soalnya anakku seneng klu dimakan disini, untuk harga masih amanlah ya...pelayanan mang kalau pas ramai banget datengnya lama banget tapi itu oke lahh.",,netral,negatif,netral,,,0,3,2,3,0
"tempatnya luas pelayanan bagus , tempanya nyaman.",,,positif,positif,,,0,0,1,1,0
Recomd tempat buat makan nih yang pengen pedesÂ²,,,,,positif,,0,0,0,0,1
jgn lupa datang lagi di event majesa selanjutnya yaa!!,,,,,positif,,0,0,0,0,1
tempatnya nyaman dan pegawainya ramah,,,positif,positif,,,0,0,1,1,0
"Tempatnya nyaman, makanannya enak, pelayanannya cepat",positif,,positif,positif,,,1,0,1,1,0
"Pelayanan bagus, tempat bersih, harga terjangkau, pertahankan",,positif,positif,positif,,,0,1,1,1,0
"Pelayanannya ramah, cepat. Makanan mantapp polll",positif,,positif,,,,1,0,1,0,0
"citarasa mie yang sangat wonderful...mengingatkan saya akan ramuan resep peninggalan dinasti ming di china. tekstur mie yg sangat lembut kenyal yang tanpa dikunyah langsung masuk ke lambung dan dicerna oleh enzim lipase, amilase ",positif,,,,,,1,0,0,0,0
"tempatnya bersih, pelayannya ramah, makanannya juga enak..",positif,,positif,positif,,,1,0,1,1,0
"Aku suka banget disini pelayanannya cepat, terus makanannya enak dan murah:P",positif,positif,positif,,,,1,1,1,0,0
"Mie enak tempat nyaman dan luas, pelayannya baik dan ramah",positif,,positif,positif,,,1,0,1,1,0
Bagus bersih,,,,positif,,,0,0,0,1,0
"Wooww enak bangeedd zz
Harus nyobaðŸ¥°ðŸ¥° â€¦",positif,,,,,,1,0,0,0,0
"Tempatnya bersih suasana nyaman, prosesnya cepat tidak menunggu lama",,,positif,positif,,,0,0,1,1,0
"Mienya datangnya lumanyan lama, pas mienya udah dateng malah udah dingin. Padahal kata pelayannya baru selesai dibuat, tapi mienya malah dingin. Untuk rice bowl sambal matahnya juga kurang rekomen. Menurutku rasanya lumanyan hambar,  Sambal â€¦",negatif,,negatif,,,,2,0,2,0,0
Aku sangat senang saat di rayakan ultah dii wizmee,,,,,positif,,0,0,0,0,1
"Tempat yang sangat direkomendasikan bagi keluarga, teman, pasangan, gebetan, HTS.an, dll untuk menikmati waktu luang dengan makan bersama dan berbagi cerita yang didukung oleh tempatnya yang sangat nyaman dan (Aesthetix)â¤",netral,,,positif,,,3,0,0,1,0
Tempatnya asri. Sejuk. Dan nyaman Layanannya bagus.,,,positif,positif,,,0,0,1,1,0
"Tempatnya enak, sejuk, luas bangettt",,,,positif,,,0,0,0,1,0
"Tempat nyaman, makanan cukup enak, harga terjangkau, parkir ga sempit",positif,positif,,positif,,,1,1,0,1,0
Pelayanan baik.. Pertama kali kesini.. Worth it bnget ðŸ˜ â€¦,,,positif,,,,0,0,1,0,0
"Makanannya enak pas buat kumpul"" juga",positif,,,,,,1,0,0,0,0
Puass banget makan disini worth it juga,positif,,,,,,1,0,0,0,0
"Makannya sesuai dengan harganya
Servisnya oke, mulai dari kasir, staff dan tim housekeeping. Semuanya gercep.
Desain tempat makannya bagus. Ada area non smoking dan smoking.",netral,netral,positif,positif,,,3,3,1,1,0
"Pertama kali nyoba wizzmie langsung cus ke lokasi dan pas nyampe langsung pesan beberapa menu. Begitu menu dihidangkan dan saya menyicip untuk pertama kalinya
Rasanya enak bangetzzzzz terus juga udang kejunya mantulzzzzz
Pertahankan terus kualitas dan rasanya",positif,,,,,,1,0,0,0,0
Rasanya enak pas dan karyawannya ramahâ˜ºï¸,positif,,positif,,,,1,0,1,0,0
Makanan disini enak worth it juga,positif,,,,,,1,0,0,0,0
"Tempatnya nyaman, pelayanannya juga cepet, deket dari kampus jadi kalo laper ke wizz tinggal jalan kaki. Mienya enak tapi pangsit nya kurang sesuai sama selera. Overall semua bagus",negatif,,positif,positif,,,2,0,1,1,0
"Saran , untuk clean up nya lebih untuk hati"" karena suaranya terlalu keras, takutnya mengganggu yang lain. Terimakasih
Untuk makanannya sangat enak sekali , perfect dah pokoknya",positif,,negatif,,,,1,0,2,0,0
"Di dalam (area depan order bar) ada yg merokok pdhl ada sign DILARANG MEROKOK. Udah nanya ke waiter dan bener gak boleh, eh waiternya malah pura2 ga tau dan ga ngegubris WK. Akhirnya saya harus negor sendiri orang yg merokoknya. Jangan lupa saya jg customer. Yg harus diduluin itu yg sesuai dengan peraturan. Ga akan kesini lagi deh~",,,negatif,negatif,,,0,0,2,2,0
"pelayanan nya sangat ramah, makanan nya enak☺️",positif,,positif,,,,1,0,1,0,0
"Makanannya enak, tempatnya luas, pelayanannya top",positif,,positif,positif,,,1,0,1,1,0
"Makanannya enak-enak semua, terutama mie nya.",positif,,,,,,1,0,0,0,0
Enak .. Rate dr aku 8/10  .. Dimsum nya juga enak..,positif,,,,,,1,0,0,0,0
menunya lengkap dan tempatnya cozy,netral,,,positif,,,3,0,0,1,0
"Nice place, pelayanan ok",,,positif,positif,,,0,0,1,1,0
"Makanannya enak, tempatnya bersih, dan pelayanannya ramah",positif,,positif,positif,,,1,0,1,1,0
Mie Teror jadi salah satu tempat mie yang boleh dicoba bareng teman. Tempat parkirnya cukup luas. Tempat makannya pun juga tidak kalah luas. Kebersihannya terjaga. Pelayanannya cepat dan ramah. �,,,positif,positif,,,0,0,1,1,0
"Lokasinya masuk gang sempit hanya pas 1 mobil, rasa enak . Dr sekian banyak menu hanya ready 3 macam yg standart dengan alasan topping habis bahkan air mineral juga habis . Hellloooo ... HARUS nya jangan sampai kehabisan bahan karena saat itu lagi sepi ga banyak pembeli, STOK juga ga basi kan ??? Belanja deket ke pasar tanjung",negatif,,,negatif,,,2,0,0,2,0
"Saya pesan dari jam 4, datangnya jam 6. Padahal cuma pesan 2 menu. Yang awalnya biasa aja sampe lapar banget. Mana ada kelas jam 6, jadi gak sempet makan. Tolong diperbaiki lagi dong pelayanan untuk pesan onlinenya.",,,negatif,,,,0,0,2,0,0
"Tempatnya masuk gang bukan di pinggir jalan, tapi lumayan ramai. Mie teror ini salah satu mie-miean pedas yang nggak kalah enak dengan mie yang lain. Tempatnya rumahan gitu ya, jadi nyaman gitu suasananya juga nggak terlalu bising jadi �",positif,,,positif,,,1,0,0,1,0
"Hallo semuanya
Disini saya akan menjelaskan detailnya
Lokasi yang berada agak dipinggir kota menjadikan tempat cukup strategis",,,,positif,,,0,0,0,1,0
"tempat bersih dan suka banget ada tembok berisi doa sebelum dan sesudah makan jadi bisa teringat untuk doa, rasa makanan enak, topping juga fresh, cuma sayang sekali prosesnya lamaaa sekali. saya datang habis magrib ",positif,,negatif,positif,,,1,0,2,1,0
"Suka banget sama mie chili oil dan nasgor nya??
Baru kali ini nemu mie chili yg sesuai sama rasa yg aku mau?? �",positif,,,,,,1,0,0,0,0
"Rasanya mie nya enak, pilihan topping mie nya juga bervariasi. Recommended sosis jumbonya.
Setiap weekend selalu ada promo. �",positif,positif,,,,,1,1,0,0,0
"Lain kali kalau memang ada ongkir, tolong disampaikan di AWAL?? Saya kan udah share loc sebelum order. Jangan pamflet teriak �FREE DELIVERY FREE ONGKIR ??� tapi ujung-ujungnya tipu-tipu. Parahnya, baru dikabarin ada ongkir pas nota udah di print",,,negatif,,,,0,0,2,0,0
"Salah satu tempat mie pedes enak di jember, rada underrate padahal worth it. Ngenyangin. Bisa pilih level. Gurihnya enak. Bumbunya pas, kesini tiap mau makan siang, jadi sepi, pelayanannya cepet. Ayam gepreknya juga enak dan gede ayamnya. �",positif,,positif,positif,,,1,0,1,1,0
"Buka mulai jam12-9malem nih, enak murah deh buat kantong mahasiswa hihi, kenyang tentu nya . Aku pesen porsi jumbo+ topping lengkap haha maklum lapar mau ujian. Pedes nya request cabe 2, cabe 5 udah bikin nangis suwer deh hihi. Lebih seneng makan sini, tadi nya mau bungkus tapi masihanget sayg bgt klo ga lgsg di makan",positif,positif,netral,,,,1,1,3,0,0
"Aku suka mie teror dari pertama kali coba. Mie dengan tekstur kenyal, pedessnya nagih. Waktu itu nyoba yang promoan ada ayam gepreknya dan es teh. Btw, ayamnya ngeprull banget, ga susah digigit.
I love it ... ?????? �",positif,,,,,,1,0,0,0,0
"Lumayan kk. Lebih keren dulu ktika msh ada pemilik klo kataku jadi lsg bisa interaksi. Ada yg kurang mungkin kak, iya kak tadi sy minta gk pedes knapa jadi lv 2 y. Nah kan",,,,,negatif,,0,0,0,0,2
"Suasana tempatnya bagus, terdapat meja diluar dan di dalam. Rasa mie dan topping nya enak. Tersedia mie dengan berbagai macam topping, ada topping sosis, telur, bakso, sosis jumbo. Tersedia berbagai level pedas dan ada juga level anak �",positif,,,positif,,,1,0,0,1,0
"Pecinta mie pedas dgn level kepedasan yg bisa direquest wajib coba ini. Harganya terjangkau, banyak pilihan topping dan ada juga paketan menu agar lebih murah dan lebih mengenyangkan �",positif,positif,,,,,1,1,0,0,0
"Paling suka datang saat weekend karena dapat promo, pelayanan sangat ramah, tempat bersih, harga murah untuk anak kos. Saran aja, untuk tisu mungkin disediakan tiap meja aja",,positif,positif,negatif,,,0,1,1,2,0
"so good, tapi buat pecinta kecap kaya ada yg kurang dikittt.

buat pecinta promo jamgan lupa follow ig mie teror buat pantengin promo apa aja setiap weekend",netral,netral,,,,,3,3,0,0,0
"Minggu kemarin kesana dan pas ada promo 10k IRD sudah dapat seporsi mie plus es teh. Promonya lumayan, hanya tempatnya kurang cozy.",,positif,,negatif,,,0,1,0,2,0
"Mienya enak, topingnya juga banyak.
Tp telur mata sapinya sdkit asin dkit.
Tp ttap mantap?? �",negatif,,,,,,2,0,0,0,0
"Mie dengan level kepedasn, ini menu spesial hari sabtu dan minggu , paket komplit , dengan berbagai porsi dan toping rasa enak tapi pordi sekarang semakin berkurang dari yang awal",negatif,,,,,,2,0,0,0,0
"Ini namanya mie porsi lapar rasanya enak banget, dan murah banget.. percaya deh seporsi ini harganya Rp.12.000 lo, dan kamu bisa nambah mie porsi jumbo dengan uang tambahan hanya Rp.4.000. Percaya deh buruan kesini, rasanya enak banget dan pelayanannya juga lumayan cepet apalagi kalau kalian lapar hehe pas banget deh",positif,positif,positif,,,,1,1,1,0,0
Mie level yg recommended. Harga lebih murah dari mie level lain. Rasa nikmat tidak hanya pedas. Menu lapar komplit cuma 11K. Level 2 pake telor cuma 6K. Worth it. Tersedia juga minuman dan krupuk. Biasa pesan pakai gojek. Cocok buat traktir temen.,positif,positif,netral,,,,1,1,3,0,0
"Tempat nyaman, makanan enak, nunggu pesanan waktunya normal gk terlalu lama, harga normal.",positif,netral,positif,positif,,,1,3,1,1,0
"Mienya enak, murah, dapat banyak. Pedesnya kita bisa pilih sendiri levelnya. Terror porsi normal Rp.7,5K jumbo 9K dengan topping telur dadar. Pedas level 1 cabai 5, LV 2 cabai 10 dst. Mulai pedas 3 dst tiap kenaikan LV tambah 1K. Ada juga paket 12K dengan 5 topping berbeda. Selamat mencoba.....",positif,positif,,,,,1,1,0,0,0
"Enak kok kalau menurut saya. Bagi yg belum coba rasanya seperti ini.
1. Jujur agak berminyak, tapi gak minyak banget gitu. Setidaknya itu buat jaga kelembapan juga �",positif,,,,,,1,0,0,0,0
"Cocok bagi para penggemar mie.. tersedia dalam berbagai level pedas, porsi, topping, minuman. Tempatnya juga nyaman, pelayanan baik. Overall nice karena harga terjangkau.. ?? �",positif,positif,positif,positif,,,1,1,1,1,0
Penasaran kok setiap lewat warungnya selalu ramai.Dan stelah mencoba cita rasa mienya kurang berkesan..subyektif sih. �,negatif,,,,,,2,0,0,0,0
"Pertama kali nyobain mie pedas ala ala, pdhl taunya udah sejak jaman dulu kala. Not bad klo dilihat dr rasa sama harganya ya worth it lah",netral,netral,,,,,3,3,0,0,0
Pelayanannya ramah dan cepat serta enak karena pedes,positif,,positif,,,,1,0,1,0,0
"Rasanya enak bisa nambah kuah nambah 1k, cuma masaknya lama. Klo pas lagi laper sabar aja. Trus ada promo juga di weekend 15 rb dah dapet es.",positif,positif,negatif,,,,1,1,2,0,0
"Mie teror merupakan mie dengan pedas berlevel. Level dimulai dari level 0-5. Mie teror mie dengan bertoping pula. Topingnya dimulai dari bakso,sosis,telur, scallop. Harganya terjangkau murah mulai dari 7k-11k.",netral,positif,,,,,3,1,0,0,0
"Mienya enak, ada level pedasnya juga, dan banyak pilihan toping. Dan yg laing penting harganya gak mahal banget gitu. Pas banget sih.",positif,positif,,,,,1,1,0,0,0
"Untuk paket promonya sih mantap, saya suka. Boleh lah untuk yg lagi pengen makan mie",,positif,,,,,0,1,0,0,0
"Pelayanan masak. Nya Lemot..
Padahal gak terlalu ramai tapi nunggu. Nya hampir 1 jam..
Tolong lebih sat set lagi dalam menyajikan makanan",,,negatif,,,,0,0,2,0,0
Mienya lumayann lahh porsinya juga pas dengan beraneka topping ...tapi pas kesana kmren gakecut  mungkin kebnyak saos tomat ..ehee harga pas dikantong anak muda ?? �,negatif,positif,,,,,2,1,0,0,0
"Overall mantab. Cuma parkir mobilnya sulit, mending bawa motor aja kalau kesini",,,,negatif,,,0,0,0,2,0
"Mie nya enak murah, harga dan lokasi terjangkau, cuma kemarin kurang puas aja karna pesanan datangnya cukup lama. Nunggu lebih dari setengah jam.",positif,positif,negatif,positif,,,1,1,2,1,0
Tempat cukup luas dan pelayanan cukup baik namun saran dari saya di beri spot foto.. Untuk rasa mie wennakkk,positif,,positif,negatif,,,1,0,1,2,0
"Diantara mie2 pedas yang lain mie teror ini menurut saya yang paling enak, dan harganya sangat terjangkau. Masakannya juga lumayan higenis, cabenya masih fresh. Pelayanannya baik.",positif,positif,positif,,,,1,1,1,0,0
cuma pesen 2 porsi tapi lamaa bgt lebih dari 30menit huhu,,,negatif,,,,0,0,2,0,0
Salah satu pilihan lain mi bercita rasa pedas yang ada di Jember. Disini menyediakan berbagai macam topping pilihan dan dengan porsi mi yang bisa dipesan sesuai dengan kapasitas perut masing2. Rasanya not bad lah. Cuman yang paling enak disini adalah Es Munpis yang isinya merupakan gabungan dari timun dan jeruk nipis.,positif,,,,,,1,0,0,0,0
Baguss nyaman banget bersih asli pegawainya ramah ramahhhhh !!! ???,,,positif,positif,,,0,0,1,1,0
"Enakk, murah, toppingnya ga pernah sepi huhuhu. Tiap weekend biasanya juga ada promo",positif,positif,,,,,1,1,0,0,0
Mantap djiwaaaa.. pelayanan mohon ditingkatkan.. perbanyak promo.. hehe,,netral,negatif,,,,0,3,2,0,0
"Rasa enak dan harga juga murah,antri nya lamaa~pelayanannya okeelahh",positif,positif,negatif,,,,1,1,2,0,0
Nunggu pesenan hampir sejam. Cuman minuman yg datengnya 20 menit dr pesan. Mohon untuk di percepat pelayanannya ?? tapi kalau tentang rasa tetep mantap. ?? �,positif,,negatif,,,,1,0,2,0,0
Mie nya enak toppingnya banyak..harga bersahabat,positif,positif,,,,,1,1,0,0,0
Tempatnya luas tekstur mie sangat pas si lidah,positif,,,positif,,,1,0,0,1,0
"Worth it dengan harga segitu, tempatnya tersembunyi, jadi semacam hidden gems.",,positif,,netral,,,0,1,0,3,0
Tempatnya nyaman.... Makanannya enak Murmer untuk ukuran anak kampus... Tapi kurang satu nih WiFi.. tambahanin WiFi lah?? �,positif,positif,,negatif,,,1,1,0,2,0
"Dibanding gacoan, kober atau pun sakera, buat aku di sini lebih recommended sih. Mienya lebih enak, toping lebih banyak.",positif,,,,,,1,0,0,0,0
"Mienya enak, harganya juga oke. Sayang tempatnya kurang nyaman.",positif,positif,,negatif,,,1,1,0,2,0
"Cocok buat pelajar & mahasiswa, karena harga standar dan cukup murah.
Kalau secara rasa, terlalu dominan manis di awal (lv 3). Kurang gurih buat aku yg suka pedas. Walau gt cukup worth to buy, apalagi yg porsi jumbo. �",negatif,positif,,,,,2,1,0,0,0
"Rate nya 3/10
Bukan ga enak tp beda selera aja
Ga ada tisu ?? �",negatif,,,negatif,,,2,0,0,2,0
"Salah satu tempat makan mie pedas yang menurut saya berbeda dengan yang lainnya. Mengusung konsep mie pedas namun di sini juga memperhatikan masalah rasa, tidak hanya sekadar rasa pedas yang menggigit namun ada rasa yang seimbang antara pedas, asin, gurih. Favoritku sih menu nasi gorengnya",positif,,,,,,1,0,0,0,0
"Harga sangat terjangkau
Cocok untuk para muda-mudi
Tempatnya hype abis dan strategis di pusat kota Jember
Pokoknya sipp lah",,positif,,positif,,,0,1,0,1,0
maaf rasanya berubah ga seprrti dulu lagi,negatif,,,,,,2,0,0,0,0
"Langganan dari tahun 2017. Intinya suka banget dari tekstur mie, bumbu, pedasnya juga nampol. Harga murah terjangkau untuk sekelas mie level include topping. Ntah kenapa mie seenak ini belum seviral mie brand besar yang kurang enak menurutku. Pelayanan ramah & bernuansa islami. Buka cabang di kampus dong hehe",positif,positif,positif,,,,1,1,1,0,0
"Pedes gilaa, topingnya banyak pilihan..mantap dah",netral,,,,,,3,0,0,0,0
"Dimsumnya enak, mie teror lagi promo, murah, sedap, mantap ?? �",positif,positif,,,,,1,1,0,0,0
"Selalu seneng makan disini, musiknya murottal jadi ya makan sambil bersyukur ingat nikmat yang banyak dari Allah",,,,positif,,,0,0,0,1,0
"Mie nya enak, bumbunya lebih kerasa daripada Gacoan. Tapi lebih mahal dikit dari Gacoan. Cuma ya makanannya lama datangnya, dan juga kasirnya lebih mengutamakan pesanan yang ada di Hpnya atau nginput data (kalo kita datang terakhiran), mending kalo kasirnya bilang �sebentar ya mas� tapi ini ngga, udah nunggu agak lama baru bilang.",positif,negatif,negatif,,,,1,2,2,0,0
"Ayolah S.O.P nya di perbaiki , menunggu hidangan itu mengesalkan kalau memang durasi membuat hidangan itu  lama paling tidak sediakan pelanggan wifi .. menunggu lama sampai ES yang kamu pesan cair tak tersisa mkan jadi nggak mood �",,,negatif,,,,0,0,2,0,0
"Kemarin beli pas promo weekend, dapet mie sama es teh cuman 12rb aja. Mienya enak, toppingnya banyak (otak-otak 2, sosis 1, cheese ball 2, kulit ayam crispy 3, sama pangsit goreng). Worth to buy banget si, malah itungannya murah?? �",positif,positif,,,,,1,1,0,0,0
"Barusan nyobain makan disana, order 8.45 makanan datang jam 9.40 (55 menit) baru dateng. Bahkan yang datang sebelum ku sampe nunggu 1,5 jam baru makanan datang. Emang se nggak siap itukah pelayanannya? Ibaratnya nih, orang hamil, nunggu makanannya sampe melahirkan saking lamanya. Nyesel kesana. *GA AKAN PERNAH KESINI LAGI*",,,negatif,,,,0,0,2,0,0
"Mienya enak topingnya banyak pedasnya pas, Mantup dah pokok",positif,,,,,,1,0,0,0,0
Pelayanan baik harga baik makanannya enak udah sering kesini recomended,positif,positif,positif,,,,1,1,1,0,0
"Pembuatan mie lumayan lama
Rasa dan rasa standar",netral,,negatif,,,,3,0,2,0,0
"Kalo soal rasa memang enak, murah dan yg pasti hemat banget, porsinya lumayan gede, dan berbagai topping dgn harga yg ga ngotak murah. �",positif,positif,,,,,1,1,0,0,0
"Rasa Mienya asli enak mantap, cuma PELAYANANNYA lama banget.
Saran saja dahulukan yg makan ditempat, jgn campur aduk sesuai antrean. Padahal sudah ada jalur sendiri utk umum dan gojek. Lalu kenapa antrinya tetep saja. �",positif,,negatif,,,,1,0,2,0,0
"Mie favorit selama dijember, gak pernah bosen makan disini. Enak bgt, dg harga terjangkau, mie level2an ini porsinya pas sih menurut aku, dg level pedas yg pas juga, bisa dipilih level pedasnya, topping nya murah jg mulai dari 2k aja, dan harga mie nya kisaran 7k aja, porsi yg lumayan, enak dan gak pernah nyesel dan gak pernah bosen ?",positif,positif,,,,,1,1,0,0,0
Tempat baru dijlan raden patah 12 no 156 sebelah SD AL FURQON,,,,netral,,,0,0,0,3,0
"Mie nya neror banget, nendang pedesnya.
Walaupun level 2 udah pedes banget buat aku guys..??
Mie standart 5,500 tambah topping 2rb. �",netral,,,,,,3,0,0,0,0
"mienya enak dengan harga terjangkau, wajib coba kalau lagi di Jember",positif,positif,,,,,1,1,0,0,0
Ena nih cuman rasanya agak kesini agak hilang. Pdhal dulu oriental banget rasanya,negatif,,,,,,2,0,0,0,0
"Kecewa sih, rasanya berbeda sekali dengan yang dulu... Pedas sih iya, tapi rasanya gak dapet seperti yang masih di tempat dulu... Ini rasanya lebih ke cabe bukan nikmat rasa pedas nikmat... Semoga ada perbaikan lah...",negatif,,,,,,2,0,0,0,0
"Skrg sudah pindah ke tempat baru, masuk kira2 50 m ke jalan sunan bonang, sudah lebih luas dan adem tempatnya,untuk harga menu cukup rekomended untuk semua kalangan, menunya murah meriah, rasanya, tentu saja pedasnya meneror lidah para �",positif,positif,,positif,,,1,1,0,1,0
"enak dong ini
biasanya aku pesan yang paket komplit.
mie + telor + 3 pentol + sosis + daging burger + tofu (apa tuh ya namanya, �",positif,,,,,,1,0,0,0,0
"Bagi yang ingin makan mie, dengan rasa seperti mie gacoan, ini solusinya.
Rasa sepertinya lebih cocok untuk mie teror ini.
Dari segi harga, juga lebih cocok dan menyasar mahasiswa. �",netral,netral,,,,,3,3,0,0,0
"Tempat strategis, tempatnya bersih
Lumayan enak, tapi pelayanan kurang memuaskan",positif,,negatif,positif,,,1,0,2,1,0
Bisa memilih level kepedasan yg diinginkan. Ada level 1-5. Saya sarankan kalau mau pesen pedas diatas level 1. Karena level 1 kurang terasa pedasnya bagi penyuka panganan pedas. Harganya cukup murah mulai dari 7ribu. Bisa pilih topping �,netral,positif,,,,,3,1,0,0,0
"Enak, murah. Pedasnya nendang.
Bagi anda yang suka kuliner pedas, mie teror dapat menjadi pilihan yang patut untuk dicoba. �",positif,positif,,,,,1,1,0,0,0
Enak. Pedesnya dapet. Pemula level 1 cabe 5 yaa.,positif,,,,,,1,0,0,0,0
"Tempatnya nyaman banget, mienya enak terus toppingnya enak dan macem-macem ada sosis, tempura, daging, tahu yang kering itu.
Tambah toping itu kisaran harga Rp. 1.000 - Rp.2.500 �",positif,,,positif,,,1,0,0,1,0
"mie-nya enak dan khas. bisa rikues cabe 1 (haha). ada macam-macam promo baik di hari biasa maupun akhir pekan. terakhir ke sana hari minggu dapat promo mie spesial + susu mangga ?? bisa nikmat, kenyang, dengan harga yang sangat terjangkau. �",positif,positif,,,,,1,1,0,0,0
"enakk.. coba klo ada dimsum nya, lebih enak lagi",positif,,,,,,1,0,0,0,0
"Enak mienya lembut tapi ga gampang putus ada tambahan toping macem2 dgn berbagai pilihan dengan harga yang harus dibayar kita mendapatkan lebih dari yang kita bayangkan, tempatnya bersih parkir nyaman cocok buat bareng2 sama teman.",positif,,,positif,,,1,0,0,1,0
Harga terjangkau nambah toping cuma nambah duit 2000 aja/topping cuma kurang suka tekstur mienya sama bumbunya terlalu banyak kecap... Tapi untuk pedesnya mantap... Yang doyan pedes bisa coba ^_^,negatif,positif,,,,,2,1,0,0,0
Menu yg disediakan ditempat ini enak dengan berbagai variasi topping pada mie nya . Lokasi nya pun tidak begitu susah dijangkau. Didepan warung ini terdapat Alfamart dan disamping warung ini terdapat banyak warung juga.,positif,,,positif,,,1,0,0,1,0
"tempat cukup luas, tempatnya nyaman dan bersih. rasanya mantul ?? �",positif,,,positif,,,1,0,0,1,0
"Harga sesuai dengan kantong pelajar , cukup favorit , dan tidak terletak fi pinggir jalan utama , sehingga tidak bising dengan lalulintas kendaraan , serta mudah di temukan karena berada di dalam lingkungan perumahan.",,positif,,positif,,,0,1,0,1,0
Masih menjadi mie dengan rasa terenak versi saya.. harganya lumayan terjangkau.. tempatnya juga nyaman.. hanya saja waktu tunggunya aja yg luayan lama..,positif,positif,negatif,positif,,,1,1,2,1,0
"Tempatnya mudah dijangkau,pinggir jalan. Rasa mie.nya huwenak, apalagi di tambah taburan bawang goreng dan daun bawang.... Bisa pilih toping (telur, sosis, pentol, dsb).. Ada juga pilihan levelnya sesuai selera.....harga murmer, pas untuk kantong mahasiswa.... Tp disana gak ada tissue, jadi bawa sendiri ya buat yang kepedesan....",positif,positif,,negatif,,,1,1,0,2,0
"Soal Rasa nikmat ,hanya saja harus sabar menunggu karna sangat lama,",positif,,negatif,,,,1,0,2,0,0
"Rasanya berbeda dengan mie super pedas yang lain. Walau topping sederhana tetapi untuk rasa kepedasannya termasuk kategori pedas yang ngangenin. Kalau yang lain pedas yg hanya membuat lidah kepanasan tetapi mie teror ini pedas nikmat dan memiliki topping diantaranya sosis, telur, daging burger dan scallop. Haucek.",positif,,,,,,1,0,0,0,0
"Parah pesennya apa datengnya apa, tolong lebih teliti lagi pegawainya.. pesen dobel topping telur sama sosis, pas dibuka gada sosisnya mana udah kehitung harga sosisnya...KORUP banget... mau balik claim sosis nya tapi dah nyampe kost mana �",,,negatif,,,,0,0,2,0,0
"Mienya enak, porsinya cukup mengenyangkan. Ada opsi porsi jumbo buat kalian yang ngerasa kurang kalo sekedar makan porsi normal wkwk.",positif,,,,,,1,0,0,0,0
Menu ayam geprek nya klo siang sering gak fres kayak yang sisa kemarin digoreng lagi . Kemarin kecewa beli. Lain kali ayamnya harus fres dan yang baru,negatif,,,,,,2,0,0,0,0
Harga mahasiswa banget 10k mie + minum udah kenyang. Cm sayang lokasinya lumayan jauh dari kampus. Tolong buka cabang di daerah jl jawa/kalimantan/mastrip.,netral,positif,,netral,,,3,1,0,3,0
Mie nya mantap pelayanannya sangat sopan,positif,,positif,,,,1,0,1,0,0
"Kalo lagi di Mie teror, jangan dibawa pulang sumpitnya ?? �",,,,,netral,,0,0,0,0,3
"Mie dengan level pedas menantang..harga terjangkau dan ramah..pas deh buat anak2 muda, pertama tau waktu di traktir saudara yg juga pegawai mie teror..wuaah langsung ketagihan..recomended pokoke wes lah...sedaap, sukses terus ya dan semoga cepat buka cabang",netral,positif,positif,,,,3,1,1,0,0
"Tempat oke sih, rasa juga oke, tp gasukanya kenapa pelayan sering kali melihat pelanggan dan tertawa, jadi insecure kan
Apalagi skrg sistemnya nunggu 30mnt kalo makan di tempat, huh kzl",positif,,negatif,positif,,,1,0,2,1,0
"Mie teror adalah sajian dari olahan mie yang dimodifikasi dengan bumbu rahasia dan level kepedasan sesuai kebutuhan konsumen. Untuk topping terdiri dari : telur ceplok, sosis, dll. Harga terjangkau untuk semua kalangan, lokasi telah tersedia di google map silahkan ke sini dengan bantuan google map ya?? �",netral,positif,,netral,,,3,1,0,3,0
"Makanan mie ini,hanya mencari perbedaan penyajian rasa saja,apapun yg disajikan termasuk bumbu ""kekinian"" itu inti dari semua rasa,dengan berbagai nama yang lagi keren,coba masakan yg dibuat oleh kita sendiri saat lapar,setelah jadi masakan �",netral,,,,,,3,0,0,0,0
Makan disini Seperti Susana Ramadhan,,,,netral,,,0,0,0,3,0
"Special mie. Terutama yg suka mie pedas. Untuk para orangtua penyuka mie pedas, tetap bisa membawa anaknya kesini karena ada menu mie yg tidak pedas dan berbagai minuman.",positif,,,,,,1,0,0,0,0
"Yailah, ini udh langgananku dari 2019. Rasanya g berubah, mungkin tingkat kepedasannya kadang berubah, ngikutn harg cabe",netral,,,,,,3,0,0,0,0
Mie nya rasanya enak dengan beberapa jenis level/tingkat kepedasannya dan dengan berbagai macam topping. Hanya saja tempatnya kurang sedikit terjangkau.,positif,,,negatif,,,1,0,0,2,0
"pelayanan menurun ga kayak dulu
pesen mie sama kuah pedas,nunggu lama padahal sepi ,dateng mie duluan ,mienya abis baru kuahnya dateng ,disuruh minum mungkin kuah pedasnya hahahaha",,,negatif,,,,0,0,2,0,0
"dulu waktu masih awal2 buka masih di ruko langganan sih waktu itu masih ownernya yg masak terus udah jarang gak makan lagi, pernah makan tpi waktu itu rasanya kurang welcome di lidah terus gak pernah beli lagi tapi baru2 ini karena kangen �",negatif,,,,,,2,0,0,0,0
"Enak rasanya,. Unik mie di masak dengan bumbu kecap,..
Harga juga relatif murah meriah,. Toping juga banyak, level pedas juga macam2,.",positif,positif,,,,,1,1,0,0,0
Porsi mie lumayan lengkap . Recommended paket lapar karena toping nya banyak banget . Tapi rasa pedasnya masih kurang pas kalau dilidah saya .,negatif,,,,,,2,0,0,0,0
"Mie dengan rasa yg paling klop dilidah jogjaku yg suka manis, pedes jg, cm ada manis�nya gituuu
Tempatnya nyaman
Harganya bersahabat bangett",positif,positif,,positif,,,1,1,0,1,0
"Pedas mie nya nampol dilidah, apalagi pesan yang jumbo wuuh bakalan kenyang. Intinya tempat, pelayanan dan rasa mie sangat terjaga dengan baik.",positif,,positif,,,,1,0,1,0,0
"Enak banget sumpah, bagi yg suka pedas ini enak! Yg ga suka pedas tenang disini juga tersidia yang ori. Tempatnya gampang banget nyarinya. Dekor tempatnya juga bagus. Cuma tempat parkirnya aja yang panas",positif,,,negatif,,,1,0,0,2,0
Bagi saya yg pencinta pedes ini sih worth it bgt apalagi menyediakan delivery ahh mantap lah pokoknya apalagi isinya makin bikin kenyang porsinya sih ga play play ya bosqu ?? �,positif,,,,,,1,0,0,0,0
"Tempatnya enak, murah bagi dompet mahasiswa ??. Cuman kalau lagi ramee mejanya full, jadi musti nunggu sekejap. But overall, very recommended ???? �",positif,positif,,positif,,,1,1,0,1,0
"Soal rasa enak,juga pas dikantong",positif,positif,,,,,1,1,0,0,0
peetama kali nyoba langsung sukaaaa,,,,,positif,,0,0,0,0,1
"Dapet banyak,  topping dapet banyak dikelas 9rb.  Untuk penyuka manis ini cocok bgt..  Tapi bagi saya kurang gurih.. Pelayanan cepat meski antri. Dari nilai 100 saya kasih 78 dehh",negatif,positif,positif,,,,2,1,1,0,0
"mienya enak, pedesnya pas tapi pelayanan kurang banget, attitude karyawannya perlu diperbaiki",positif,,negatif,,,,1,0,2,0,0
sebenernya not bad tp kapan hari kesini pesenannya ada yg kelupaan ga dianter. sampe mau pulang baru dianter.,,,negatif,,,,0,0,2,0,0
"Mejanya ngelapnya kurang bersih, jadi masih lengket"" & udang rambutannya kurang Mateng di dalam, selebihnya sudah okay untuk makanannya",negatif,,,negatif,,,2,0,0,2,0
"Keren ini, rasa, kebersihan tempat, selalu dijaga. Tempat yang baru lebih baik dan lebih enak.. good job, 5 star",positif,,,positif,,,1,0,0,1,0
makanannya cukup enak tapi nunggu makanan nya lama hampir setengah jam lebih,positif,,negatif,,,,1,0,2,0,0
"Enak banget, soal pedes sumpah gak rugi , hot banget, tapi buat minumnya jangan mahal2 dong harganya hehe",positif,negatif,,,,,1,2,0,0,0
mienya enak banget. mirip kober tapi bentuk mienya beda. terus enaknya ada topping yang bisa kita pilih sesuka kita. harganya juga sangat terjangkau.,positif,positif,,,,,1,1,0,0,0
"Recommended bangettt ?? mie nya enak, nasi goreng nya enakk. Menunya ga melulu mie ternyata jadi ga bosen bosen �",positif,,,,,,1,0,0,0,0
"Waduh saya makan mie disini sudah antri lama sekali terkadang topping juga ada yg kurang, waktu itu saya makan mie.nya mungkin sisa yg kmren ya perut saya jadi mual",negatif,,negatif,,,,2,0,2,0,0
"Mienya enak pedas
Level 1-5",positif,,,,,,1,0,0,0,0
"Ini manteb sih, dengan 12k bisa dapet mie topping sosis gede. Level pedesnya juga wahh...pedes banget",positif,positif,,,,,1,1,0,0,0
"Mie teror salah satu referensi permie-an di jember ya gais..
Rasanya ga kalah saing, manteup banget!!
Sensasi rasanya bisa kalian coba sendiri ya guys, yuk cobain!! :)",positif,,,,,,1,0,0,0,0
"Tempat : new placenya sangat recommended
Makanan : sangat enak, apalagi ada menu lapar, topingnya komplit
Minuman : average lah, cukup
Pelayanan : cukup cepat,",positif,,positif,positif,,,1,0,1,1,0
"Banyak tempat yang sejenis dengan kedai mie di sini. Tapi mungkin bedangan di sini lebih banyak lauknya, tidak cuma sosis dan kornet, juga ada pentol dan telor juga jadi lebih kenyang",netral,,,,,,3,0,0,0,0
"Kalau masuk gofood seharusnya pakek go resto sya selaku drever gojek merasa kecewa,capek jauh2 gak taunya mie teror tutup",,,negatif,,,,0,0,2,0,0
"Mie yang rekomended banget, khususnya bagi pecinta pedes,
Bagi yang ndak suka pedes bisa juga pake porsi yang ndak pedes alias level ""anak sholeh""",positif,,,,,,1,0,0,0,0
Mienya  dan harganya murah. Recomendeed. Cuma kurang fasilitas cuci tangannya kak. Tp gk masalah soalnya pakai sumpit,netral,positif,,negatif,,,3,1,0,2,0
Enak loh tempat nya adem dan mudah nyarinya terus pelayanan nya baik banget sama harga mah murah cocok buat pecinta pedas,,positif,positif,positif,,,0,1,1,1,0
Perlu persiapan tisu untuk pengunjung... Sebab waktu saya berkunjung tisunya habis.. Tapi kualitas rasa enak dengan harga kantong anak SMA,positif,positif,,negatif,,,1,1,0,2,0
"Pelayanan lama, lebih mendahulukan yg delivery drpd yg makan di tempat, pelayanan kasir kadang diselingi menerima order delivery sehingga antrean yg akan makan di tempat jd panjang",,,negatif,,,,0,0,2,0,0
"Salah satu stan mie terbaik, tempatnya enak dan bersih, pelayanan cepat,, di sarankan untuk beli pahe aja biar lebih hemat.",positif,,positif,positif,,,1,0,1,1,0
Sepi tapi pelayanan sangat sangat lama,,,negatif,,,,0,0,2,0,0
"Enak, harga terjangkau, bikin nagih",positif,positif,,,,,1,1,0,0,0
Hargay cukup murah tpi pelayan nya lelet banget  smpek lebih 30mnt nunggu mkanan dtg smpek es nya mencair semua???? �,,positif,negatif,,,,0,1,2,0,0
"Alhamdulillah Mienya enak ??harganya terjangkau , tmpatnya cocok buat makan sma teman / sahabat ?? . �",positif,positif,,positif,,,1,1,0,1,0
"Rasa mienya bisa ditingkatkan lagi, biar lebih enak
Untuk tempatnya, cuma perlu diperluas supaya bisa menampung lebih banyak orang lagi",negatif,,,negatif,,,2,0,0,2,0
"mie teroor ini isinya banyak menurutku, bisa req pedas dan harga kantong pelajar banget weheheh",netral,positif,,,,,3,1,0,0,0
"Mie nya enak, harga ramah kantongg, cocok untuk semua kalangan. Tempat bersih.",positif,positif,,positif,,,1,1,0,1,0
Saya kurang setuju jika ada pelayanan telp... Kita sama sama driver online... Di aplikasi si A ada paling atas dan si B di nomer 2...justru yang diselesaikan yg nomer 2...bukannya mana yang lebih dulu masuk itu yang dilayani... Tolong perbaiki lagi... Salam satu  Aspal,,,negatif,,,,0,0,2,0,0
Enak dan murah. Porsinya juga ga terlalu banyak. Pedesnya enak. Ga cuma pedas tapi ada manis2nya.,positif,positif,,,,,1,1,0,0,0
Saya pikir agak aneh. Karena mendahulukan orderan pesan antar lewat WA. Sedangkan customer antri sampai panjang. Payah,,,negatif,,,,0,0,2,0,0
"Pelayanannya lamaaaa...gak disediakan tissue dan tusuk gigi, kl rasa dan hrg oke
Overall ?? �",positif,positif,negatif,,,,1,1,2,0,0
"Mienya lumayan, murah. Tp yg Kulit cripsy, jumlah nya terlalu sedikit",negatif,positif,,,,,2,1,0,0,0
"Rasanya konsisten dari zaman aku kuliah, tetep enak. hanya saja proses penyajiannya cukup lama",positif,,negatif,,,,1,0,2,0,0
Warung mie endemik Jember dengan rasa otentik dan menu yang semuanya enak,positif,,,,,,1,0,0,0,0
Level 1 aja Uda pedasssss,netral,,,,,,3,0,0,0,0
"Cocok untuk tempat kumpul, dan ngobrol dengan teman-teman. Dan tidak lupa yang paling penting banyak pencuci mata XD",,,,positif,,,0,0,0,1,0
"Enak, cocok untuk yang suka pedes",positif,,,,,,1,0,0,0,0
enak sih tapi nunggu pesenannya 1 jam sendiri,positif,,negatif,,,,1,0,2,0,0
"Mantap Layanan, Makanan, Suasana sangat Bersahabat....?????????????? �",positif,,positif,positif,,,1,0,1,1,0
Salah satu tempat makan bagi pecinta mie dan pecinta pedas. Harganya ekonomis banget.,,positif,,,,,0,1,0,0,0
"Ini gaboleh di lewatin kalo ke Jember... Mie nya anak BKP polije... Rasa nya beeehh gadiragukan lagi... mantul dah pokoknya, Ngangeniiiiiiin",positif,,,,,,1,0,0,0,0
"Rekomend pokonya, enak ngets ??? �",positif,,,,,,1,0,0,0,0
Aku rekomendasiin kalian yg suka pedes jangan lupa kalo ke jember mampir kek kedai mie teror di jamin nuagihhhhh,,,,,positif,,0,0,0,0,1
"Tersedia mie dengan level 1-5, enak. Berkali-kali beli dan ndak pernah bosen ?? �",netral,,,,,,3,0,0,0,0
Ini sangat mematika rezekinya gojek lama bnget nunggunya apalagi csaqqa sabaran kasian driver gojeknya,,,negatif,,,,0,0,2,0,0
"Tempat makan yg sering bikin kangen, meskipun sering bolak balik. Eitsiya, gepreknya enak disni",positif,,,,,,1,0,0,0,0
"Mienya enakk bangett, harga terjangkau pula, dan pelayanannya memuaskan  bangett",positif,positif,positif,,,,1,1,1,0,0
"Mie nya mantul , syuka deh pokoknya ?? �",positif,,,,,,1,0,0,0,0
"Favorit banget, selain tempatnya yang bagus, makananannya yang murah, harganya juga ramah bagi dompet mahasiswa",,positif,,positif,,,0,1,0,1,0
pedas nya pas Ndak bikin nangis tapi cukup bikin panas lidah. mantap,netral,,,,,,3,0,0,0,0
"Jelek kumuh gatel pelayanan buruk, pesanan lama males deh mau kesini lagi,mienya enak",positif,,negatif,,,,1,0,2,0,0
Resto lama dan lemot.. pesan 3 mie hampir 1 jam selesai padahal keadaan sepi..,,,negatif,,,,0,0,2,0,0
"Uenak tenan mienya, saya suka, toppingnya banyak dan murah",positif,positif,,,,,1,1,0,0,0
nilai sendiri saja... Bikin kapok sih... G lagi2.. soalnya ketagihan ???????? �,,,,,positif,,0,0,0,0,1
"Heleeehh pesanan dikit, nunggu makanan jadi aja lama amat, rasa B aja",netral,,negatif,,,,3,0,2,0,0
"Benar benar sangat enak, murah, dan memuaskan. Bikin nagih. Apalagi banyak toppingnya. Kalau ke Jember, salah satu yang paling di rindukan",positif,positif,,,,,1,1,0,0,0
"untuk pesanan saya kasih bintng 3 dl,tolong di perbaiki managemenny....pelanyananny lama...buat ojol dan konsumen biasa",,,negatif,,,,0,0,2,0,0
"Mantap mienya, bagi pecinta mie pedas cocok, harga relatif",positif,netral,,,,,1,3,0,0,0
"Mie nya enak, pedes nampol
Plyanan agak lama, tempt luas",positif,,negatif,positif,,,1,0,2,1,0
Jualan mie pedes pake level. Kalo doyan pedes boleh coba. Siapin obat diare ya,netral,,,,,,3,0,0,0,0
"Mie dg berbagai topping dg level pedes sesuai selera...
Enak pol...",positif,,,,,,1,0,0,0,0
"Bumbu dan mie nya pas, ditambah topping makin sempurna, apalagi topping nya banyak bangeett ..",positif,,,,,,1,0,0,0,0
"mienya enak, ada menu jumbo juga bisa bikin kenyang, harga juga terjangkau",positif,positif,,,,,1,1,0,0,0
"Saking enakny, sampe ampir tiap hari beli, selain enak, tempatny deket dr rumah",positif,,,positif,,,1,0,0,1,0
Tempat nya lumayan... Mie nya bikin ketagihan .. recommended bgt,positif,,,positif,,,1,0,0,1,0
Pas buat yang suka makan pedes dan harga hemat di kantong,,positif,,,,,0,1,0,0,0
Mi nya enak yg pedes. Tpi kalo ga pedes kurang rasanya,netral,,,,,,3,0,0,0,0
"Langganan dikala weekend nih, tiap weekend selalu ada promo menu",,,,,positif,,0,0,0,0,1
"Rasa enak. Tetapi pelayanan hari ini lumayan lama, tidak seperti biasanya",positif,,negatif,,,,1,0,2,0,0
"Makanan enak, tempat mudah di temukan nyamat pelayanan cepat",positif,,positif,positif,,,1,0,1,1,0
Kurang oke sama antriannya...pegawainya serabutan..andai lebih di konsep bagian msing masing bisa lebih cepat,,,negatif,,,,0,0,2,0,0
Mie yang enak. Tempatnya rapi dan bersih. Berada di jalan Sunan Bonang. Talangsari.,positif,,,positif,,,1,0,0,1,0
"Tempatnya rame, harga nya murah meriah.. Recomended lah buat t4 malming..",,positif,,positif,,,0,1,0,1,0
Suka dan rasanya bikin nagih. Biasanya ada promo yang menurut saya lebih hemat...,positif,positif,,,,,1,1,0,0,0
Mienya enak suasananya nyaman buat nongkrong bareng temen,positif,,,positif,,,1,0,0,1,0
"MasyaAllah, sejauh ini, mie yg paling enak, dan murah.",positif,positif,,,,,1,1,0,0,0
Mie dan toping enak hanya saja mie kebanyakan minyak dan minuman kurang manis,negatif,,,,,,2,0,0,0,0
"Tempatnya pindah
Masuk gang sebelah Anda Bakery, 100 meter, Kanan jalan. Ada tulisannya gede.",,,,netral,,,0,0,0,3,0
Mantap buat kuliner... Buat yang belum coba silahkan mampir????,,,,,positif,,0,0,0,0,1
"Setiap weekend selalu ada promo
Tpi saysng tempatnya kurang luass",,positif,,negatif,,,0,1,0,2,0
Muantap dah enak banget.. pekat bumbunya.. suka saya,positif,,,,,,1,0,0,0,0
Makanannya enak dan puas. Tetapi pegawainya kurang ramah,positif,,negatif,,,,1,0,2,0,0
"Harganya cocok untuk mahasiswa, rasanya lumayan. Tempatnya boleh juga Lokasi cukup bagus.",netral,positif,,positif,,,3,1,0,1,0
Menu yang enak dan tidak mengecewakan pelanggan dan sering ada diskon,positif,positif,,,,,1,1,0,0,0
Enak murah bersih nyaman,positif,positif,,positif,,,1,1,0,1,0
"Parkir di dalam bayar untuk ojol,jd parkir di luar sulit campur dgn mobil",,,,negatif,,,0,0,0,2,0
"Mienya pedes banget, toppingnya banyak, mantab lah",positif,,,,,,1,0,0,0,0
"Topping nya banyakk poll, harganya juga worth it sama topping nya, rasanya juga enakk,",positif,,,,,,1,0,0,0,0
"Makanan enak , sayang pake sedotan bekas di potong hingga setengah",positif,,,negatif,,,1,0,0,2,0
"Ini salah satu mie pedes di Jember yang wajib buat dicoba, pedesnya ga main-main..",,,,,positif,,0,0,0,0,1
"Mienya sangat menggoda
Apa lagi mbak2 nya ???? �",netral,,,,,,3,0,0,0,0
Harga bersahabat makanannya pun cukup enak. ?? �,positif,positif,,,,,1,1,0,0,0
"Suka mie? Suka pedes? Cocok deh sama tempat ini, banyak juga pilihan toping",netral,,,,,,3,0,0,0,0
Enak banget sangat recommended,positif,,,,,,1,0,0,0,0
Kecewa saya pesan level 5 tapi yg dateng gak sesuai.,,,negatif,,,,0,0,2,0,0
"mie dengan tingkat kepedasan luar biasa
bisa pilih level sekuat dirimu ?? �",netral,,,,,,3,0,0,0,0
Tempat paling lama kalo mau makan diatas jam 6 petang,,,negatif,,,,0,0,2,0,0
Tempat makan mie pedes enak.. macem2 dah topingnya,positif,,,,,,1,0,0,0,0
"Tempatnya nyaman, pelayanannya ramahhh, mie nya nagihhhh",positif,,positif,positif,,,1,0,1,1,0
Tisu taruh di meja jangan suruh ambil sendiri biar gak bingung,,,,negatif,,,0,0,0,2,0
Aq pernah nyobain mi teror level 2 udah bikin bibir jdi doer sumpah pedesx gilaaaaaaa,netral,,,,,,3,0,0,0,0
Makanannya good banget. Cmn agak panas tempate karena dapur.,positif,,,negatif,,,1,0,0,2,0
"Tempatnya nyaman,  jauh dari kebisingan. Buat ngedate maem bersama,  pas sekali.",,,,positif,,,0,0,0,1,0
"Mienya kenyal lembut dan enak, tempat nyaman",positif,,,positif,,,1,0,0,1,0
"Enak , pedes , masak nya agak lama 15 menitan",positif,,negatif,,,,1,0,2,0,0
Lumayan. Dibungkus nih.,,,,,netral,,0,0,0,0,3
"Mie nya enak. Rekomendasi banget.
Murah dan komplit",positif,positif,,,,,1,1,0,0,0
Lumayan enak tapi lebih enak mie Kober (tapi ini selera pribadi),netral,,,,,,3,0,0,0,0
"Mie nya lumayan enak,harga relatif murah lah..",positif,positif,,,,,1,1,0,0,0
"Enak, harga terjangkau

Lupa ga ngefoto",positif,positif,,,,,1,1,0,0,0
"Dihubungi, via WhatsApp, ada nada panggil tapi tidak diangkat... Usul saya jangan di on kan wa maupun saluran telpon jika tidak diangkat.",,,negatif,,,,0,0,2,0,0
"Menu makanan enak, harus dicobaaa favorite mie di jember ?? �",positif,,,,,,1,0,0,0,0
Mie pedas ala ala tapi murah meriah dan banyak pilihan toping ?? �,netral,positif,,,,,3,1,0,0,0
"Yukk kalian yg mau ke maen ke jember, jangan lupa mampir kesini yak,
Banyak level yg harus kalian coba !",,,,,positif,,0,0,0,0,1
Cukup memuaskan,,,,,netral,,0,0,0,0,3
7/10 mie pedas dengan toping yang banyak dan minyak yg banyak juga.,negatif,,,,,,2,0,0,0,0
Harga yang cukup terjangkau dan rasanya yang mantap poll,positif,positif,,,,,1,1,0,0,0
ada pilihan menu yang dapat dipilih sesuai selera dan budget kantong,,,,,positif,,0,0,0,0,1
Tempat cukup bersih.  Rasa lumayan dan pelayanan cukup cepat.,netral,,positif,positif,,,3,0,1,1,0
"Mayan sih ini, topingnya gud mie nya maybe, tempatnya juga mayan",positif,,,positif,,,1,0,0,1,0
"Pedasnya mantap,harga murmer dengan varian menu yg banyak",positif,positif,,,,,1,1,0,0,0
"Enak mantap, akan berlangganan",positif,,,,,,1,0,0,0,0
"Paket Puas cuma 12rb dengan toping lengkap, nagih banget.",,netral,,,,,0,3,0,0,0
"Harga cocok untuk anak kos:)
Harga mulai dari 8-13k",,positif,,,,,0,1,0,0,0
Harga dan rasa memuaskan tp sayangnya pelayanan lama,positif,positif,negatif,,,,1,1,2,0,0
"Enak murah, rekomended",positif,positif,,,,,1,1,0,0,0
"Rasa biasa aja, pedesnya lumayan lah",netral,,,,,,3,0,0,0,0
"Enak , pedesnya gilak , harga terjangkau",positif,positif,,,,,1,1,0,0,0
"Mhon maap petolnya agak gk enak barusan aku makan,",negatif,,,,,,2,0,0,0,0
Mienya enak murah banyak topping,positif,positif,,,,,1,1,0,0,0
"Enak , ini tempat kesukaan ku untuk membeli mie",,,,,positif,,0,0,0,0,1
"Layanan yang ramah, tempat yg bersih dan makanan yg enak",positif,,positif,positif,,,1,0,1,1,0
Enak dan nagih. Pedasnya tidak membuat lidah mati rasa?? �,positif,,,,,,1,0,0,0,0
"Ati-ati pedes, coba dari level 1 dulu deh. Ekstra sosis nya kecil.",negatif,,,,,,2,0,0,0,0
"lumayan lahh, enak, harga pas di kantong pelajar?? �",positif,positif,,,,,1,1,0,0,0
"Mantab, mienya enak, anak anak suka",positif,,,,,,1,0,0,0,0
"mie nya enaakk
tapi bukanya terlalu siang",positif,,negatif,,,,1,0,2,0,0
Mie teror mie berbagai level kepedasan yang ada di kota Jember,,,,,netral,,0,0,0,0,3
"Kecewa pol
Pelayanan sangat lelet no no no recommended buat kalian semua!!!!",,,negatif,,,,0,0,2,0,0
"Mantap, kenyang saya makan mie teror.",netral,,,,,,3,0,0,0,0
Mie yang selalu meneror pelanggannya untuk balik kesini lagi,,,,,positif,,0,0,0,0,1
Makin enak mie nya,positif,,,,,,1,0,0,0,0
"Cocok Dinikmati Bersama Keluarga
Harga Ekonomis ???? �",positif,positif,,,,,1,1,0,0,0
Rasanya enak pedes iya... Pokoknya the best,positif,,,,,,1,0,0,0,0
"Menu selalu ganti tiap weekend, asik",positif,,,,,,1,0,0,0,0
Enak sekarang makin luas dan mie nya mantulll dah,positif,,,positif,,,1,0,0,1,0
Makanan enak....tapi antrinya lumayan lama,positif,,negatif,,,,1,0,2,0,0
"Pelayanan baik,,,cuma antrinya 50 menit....",,,negatif,,,,0,0,2,0,0
Mantap rasanya dan porsinya juga harga yang bersahabat,positif,positif,,,,,1,1,0,0,0
"Pengalaman rasa baru yg cukup tak terlupakan,, sesuai dengan namanya ""TEROR"".",,,,,positif,,0,0,0,0,1
Lumayan laah gak terlalu jauh pindahnya dari tempat awal,,,,positif,,,0,0,0,1,0
Pedesnya terasa....  Tapi tempatnya mayan panas hehe,netral,,,negatif,,,3,0,0,2,0
Cara pesanx kurang sdikit coba pkek cara modern biar gak triak2,,,negatif,,,,0,0,2,0,0
pedasnya nendang,netral,,,,,,3,0,0,0,0
Mie pedas enak. Paket mengenyangkan,positif,,,,,,1,0,0,0,0
Pwedes banget silahkan di coba murah pula harganya,netral,positif,,,,,3,1,0,0,0
Mienya enak dan juga pelayanannya memuaskan,positif,,positif,,,,1,0,1,0,0
"Tempatnya nyaman, harga murah meriah",,positif,,positif,,,0,1,0,1,0
Tempatnya lumayan nyaman buat hamg put on weekend,,,,positif,,,0,0,0,1,0
"Harga terjangkau, topping beda dari yang lain",netral,positif,,,,,3,1,0,0,0
"mie pedas kekinian, tempat nyaman, juga menarik",,,,positif,,,0,0,0,1,0
Gapedes sama sekali . Padahal level 4 cabe 20,negatif,,,,,,2,0,0,0,0
Semestinya disediakan menu mie yg berkuah,netral,,,,,,3,0,0,0,0
"Rasanya enak, harganya bersahabat",positif,positif,,,,,1,1,0,0,0
Banyak ngobrol sama teman nya pelanggan d bikin santai,,,negatif,,,,0,0,2,0,0
Enak dan muraah. Tp tempat sempit jd agak gerah,positif,positif,,negatif,,,1,1,0,2,0
Mienya lumayan enak,positif,,,,,,1,0,0,0,0
"ditempat baru lebih nyaman, lahan parkir lbh luas ?????? �",,,,positif,,,0,0,0,1,0
Mie pilihan mantap...dg banyak topping,netral,,,,,,3,0,0,0,0
"Makanan mie biasa, gak ada yg istimewa..",netral,,,,,,3,0,0,0,0
Mienya enak topingnya banyak ?? �,positif,,,,,,1,0,0,0,0
Enak banget murah banyak topping,positif,positif,,,,,1,1,0,0,0
Enakk bgtt pas rasany harga sesuai rasa,positif,netral,,,,,1,3,0,0,0
Enaknya? Gausah ditanya. Langsung makan aja ?? �,netral,,,,,,3,0,0,0,0
"Tempatnya enak ,strategis dan pelayanannya cepat",,,positif,positif,,,0,0,1,1,0
Enak Cocok dengan lidah dan kantong mahasiswa,positif,positif,,,,,1,1,0,0,0
Mie yg harganya standart dan banyak yg pesan,netral,netral,,,,,3,3,0,0,0
Mie favorit di jember ini. Murah topping banyak.,netral,positif,,,,,3,1,0,0,0
Baru pertama lumayan udah bisa bikin nagih?? �,,,,,positif,,0,0,0,0,1
"untuk naik level pedasnya mesti hrus nambah,ya???",netral,,,,,,3,0,0,0,0
"Murah, enak, banyak. Minta apa lagi?",positif,,,,,,1,0,0,0,0
Yang suka pedes dan rasanya mantul,positif,,,,,,1,0,0,0,0
Menu favorit pemuda pemudi zaman now,,,,,positif,,0,0,0,0,1
"Lumayan enak, porsinya cukup besar",positif,,,,,,1,0,0,0,0
Saos dan kecap nya tidak tersedia di meja.. Kecewa gua,,,,negatif,,,0,0,0,2,0
Ingat Jember Ingat Mie Teror. Emang mantep mie disini,,,,,positif,,0,0,0,0,1
Rasa kurang enak porsi sedikit,negatif,,,,,,2,0,0,0,0
"Lama, nunggunya sampe bisa bikin kenyang",,,negatif,,,,0,0,2,0,0
"enak sih, kurang pedes ?? �",negatif,,,,,,2,0,0,0,0
"Murahh , Enak dan Pas Buat Kumpul Temen",positif,positif,,positif,,,1,1,0,1,0
Pelayanannya lama...dan karyawati mulutnya kurang sopan.,,,negatif,,,,0,0,2,0,0
"Pedesnya kerasa, coba deh yg level 25",netral,,,,,,3,0,0,0,0
Selalu berkumandang ayat Al-Quran Alhamdulillah adeeem...,,,,positif,,,0,0,0,1,0
"Makanan enak, tpt parkir kurang luas",positif,,,negatif,,,1,0,0,2,0
Harga terjangkau dan sering ada promo,,positif,,,,,0,1,0,0,0
Mantap pokoknya rasa mienya,positif,,,,,,1,0,0,0,0
Enak banget mie nya,positif,,,,,,1,0,0,0,0
Rasa mienya enak,positif,,,,,,1,0,0,0,0
Tempat nongkrong anak muda berkantong tipis,,positif,,,,,0,1,0,0,0
Mie pedas dan enak dengan harga terjangkau,positif,positif,,,,,1,1,0,0,0
syuka kesini karna emng doi doyan mie ini?? �,positif,,,,,,1,0,0,0,0
Mie Sosis Jumbo nya mantap ?? �,positif,,,,,,1,0,0,0,0
Bikin nagihh?? �,,,,,positif,,0,0,0,0,1
Tempat yang ramai di kunjungi para penggemar mie terror,,,,,positif,,0,0,0,0,1
Tempatnya bagus dan masakanya ziiiip,positif,,,positif,,,1,0,0,1,0
Mienya b aja mirip mie joging,netral,,,,,,3,0,0,0,0
Mantap harganya cocok banget,,positif,,,,,0,1,0,0,0
Tempat favorit kalau pas dari jember kota,,,,,positif,,0,0,0,0,1
Mienya bikin nagih,positif,,,,,,1,0,0,0,0
Mie nya murah dan enak,positif,positif,,,,,1,1,0,0,0
"Berkumpulnya para tuyul, spontan, tanpa undangan",,,,,netral,,0,0,0,0,3
Enak dan bikin pingin nambah terus,positif,,,,,,1,0,0,0,0
Mie level andalan,netral,,,,,,3,0,0,0,0
Mantab....cuman antrinya minta ampun,,,negatif,,,,0,0,2,0,0
"Mie nya enak, porsi mengenyangkan",positif,,,,,,1,0,0,0,0
Cocok kl suka pedas.,,,,,positif,,0,0,0,0,1
Mie terror pedes masa kini yang epic,,,,,positif,,0,0,0,0,1
Suka banget apalagi banyak promo weekend,,positif,,,,,0,1,0,0,0
"Pelayanan lama, walaupun gak antri",,,negatif,,,,0,0,2,0,0
Gepreknya enak cuyy,positif,,,,,,1,0,0,0,0
Kalau suka pedas2 mantab,positif,,,,,,1,0,0,0,0
Mie nya lumayan enak,positif,,,,,,1,0,0,0,0
"Tempat yang baru, oke juga
Masakan enak juga",positif,,,positif,,,1,0,0,1,0
Mienya mantap,positif,,,,,,1,0,0,0,0
lama pesan 20 menit an,,,negatif,,,,0,0,2,0,0
tempatnya nyaman ramah danbsopan,,,,positif,,,0,0,0,1,0
effort dan speed kerjanya ditambah lagi...,,,negatif,,,,0,0,2,0,0
Pedes... level 1 pakai 5 cabe.,netral,,,,,,3,0,0,0,0
"enak & sedap, cocok pokoknya",positif,,,,,,1,0,0,0,0
tukang parkir ngeselin,,,negatif,,,,0,0,2,0,0
Mienya enak,positif,,,,,,1,0,0,0,0
Porsi banyak dan rasa fresh di mulut,positif,,,,,,1,0,0,0,0
Suka pilih2 pelanggan gak netral,,,negatif,,,,0,0,2,0,0
"Murah, enak, tempatnya enak buat nongkrong",positif,positif,,positif,,,1,1,0,1,0
Porsi jumbonya luar biasa,positif,,,,,,1,0,0,0,0
Murah dan enak,positif,positif,,,,,1,1,0,0,0
Menu yang sangat dirindukan,,,,,positif,,0,0,0,0,1
Ramah pelayanan cepat penyajian,,,positif,,,,0,0,1,0,0
"Enakkk, harga bersahabat",positif,positif,,,,,1,1,0,0,0
Enak murah full toppingnya,positif,positif,,,,,1,1,0,0,0
Enak dan harganya terjangkau,positif,positif,,,,,1,1,0,0,0
Lama playanannya..rasa B,netral,,negatif,,,,3,0,2,0,0
Mie yang lezat dengan bumbu yg khas,positif,,,,,,1,0,0,0,0
Asli enak mas ?? bikin ketagihan �,positif,,,,,,1,0,0,0,0
"Enak, murah, selalu ramai",positif,positif,,positif,,,1,1,0,1,0
bagus dan enak mie terornya,positif,,,,,,1,0,0,0,0
"Pelayanan kurang cepat,parkir luas",,,negatif,positif,,,0,0,2,1,0
Bisa pesan sesuai tingkat kepedasan,netral,,,,,,3,0,0,0,0
G layak makan,,,,,negatif,,0,0,0,0,2
Mie enak dan lokasi nyaman,positif,,,positif,,,1,0,0,1,0
Lumayan rasanya,positif,,,,,,1,0,0,0,0
Topping scallop saya suka saya suka,positif,,,,,,1,0,0,0,0
Tempatnya makin lebar. Mantap,,,,positif,,,0,0,0,1,0
Harganya merakyat banget ???? �,,positif,,,,,0,1,0,0,0
Makanannya enak,positif,,,,,,1,0,0,0,0
Mienya enak lembut dan murah,positif,positif,,,,,1,1,0,0,0
Pedasnya nendang lidah banget?? �,positif,,,,,,1,0,0,0,0
"Ramah dikantong, Lezat dilidah",positif,positif,,,,,1,1,0,0,0
Pelayanannya lama,,,negatif,,,,0,0,2,0,0
Mienya nagih,positif,,,,,,1,0,0,0,0
Nagihh bangettt,,,,,positif,,0,0,0,0,1
Mantap mienya,positif,,,,,,1,0,0,0,0
"Lokasi agak blusukan, di kompleks perumahan",,,,netral,,,0,0,0,3,0
Sangat memuaskan tempat ini,,,,,positif,,0,0,0,0,1
Tempat mudah dicari dan santai,,,,positif,,,0,0,0,1,0
Makan di sini jadi teringat mantan,,,,,netral,,0,0,0,0,3
Mienya pedas,netral,,,,,,3,0,0,0,0
Pelayanannya lambat.,,,negatif,,,,0,0,2,0,0
Pelayanan ny lama,,,negatif,,,,0,0,2,0,0
Suka promo week end,,netral,,,,,0,3,0,0,0
Kuliner segala hidangan mie,netral,,,,,,3,0,0,0,0
Tempat makan yg enak,positif,,,,,,1,0,0,0,0
Murmer,,positif,,,,,0,1,0,0,0
Enak dan murah dibanding kompetitor,positif,positif,,,,,1,1,0,0,0
"suka banget, bikin nagih",positif,,,,,,1,0,0,0,0
Mienya enak,positif,,,,,,1,0,0,0,0
Harga terjangkau,,positif,,,,,0,1,0,0,0
Suka bngt pokoknya mantul,,,,,positif,,0,0,0,0,1
Dikit banget porsinya,negatif,,,,,,2,0,0,0,0
Rekomended tidak bikin kantong jebol.,,positif,,,,,0,1,0,0,0
Layanan cepat memuaskan,,,positif,,,,0,0,1,0,0
Harga 7rb,,netral,,,,,0,3,0,0,0
Enak banget,positif,,,,,,1,0,0,0,0
lumayan enak,positif,,,,,,1,0,0,0,0
enak mi nya,positif,,,,,,1,0,0,0,0
Pas di kantong pelajar,,positif,,,,,0,1,0,0,0
Mahal banget sekarang,,negatif,,,,,0,2,0,0,0
Tempat nya nyaman,,,,positif,,,0,0,0,1,0
Kurang cepat dlm pelayanan,,,negatif,,,,0,0,2,0,0
Murah dan enak banget,positif,positif,,,,,1,1,0,0,0
Mantap gurih-gurih mania.,positif,,,,,,1,0,0,0,0
Sangat enak,positif,,,,,,1,0,0,0,0
Bagus dan enak,positif,,,,,,1,0,0,0,0
murah tapi kurnag sedap,negatif,,,,,,2,0,0,0,0
Sering kesini dari awal buka taun lalu,,,,,positf,,0,0,0,0,0
Ga seberapa recommed,,,,,negatif,,0,0,0,0,2
Lumayan untuk tempat makan,,,,,positif,,0,0,0,0,1
Pindahan dr ruko...,,,,,netral,,0,0,0,0,3
Mie dengan harga murah,,positif,,,,,0,1,0,0,0
Enak sekali,positif,,,,,,1,0,0,0,0
Bikin nagih terus,,,,,positif,,0,0,0,0,1
"Mahal, tapi sedikit",negatif,negatif,,,,,2,2,0,0,0
Mangkoknya besar,,,,,netral,,0,0,0,0,3
Penyajiannya lama,,,negatif,,,,0,0,2,0,0
Bersih dan pedas,netral,,,positif,,,3,0,0,1,0
Pedasnya mantaaaapppp,positif,,,,,,1,0,0,0,0
Murah enak,positif,positif,,,,,1,1,0,0,0
Pedesnya gila,netral,,,,,,3,0,0,0,0
Agak lama prosesnya,,,negatif,,,,0,0,2,0,0
Pelayanan buruk,,,negatif,,,,0,0,2,0,0
Biasa santai n canda,,,,positif,,,0,0,0,1,0
Mie terenak di jember,positif,,,,,,1,0,0,0,0
"Mantep ini, underated",,,,,positif,,0,0,0,0,1
Oke juga tempat yg baru,,,,positif,,,0,0,0,1,0
Bersih dan cepat saji,,,positif,positif,,,0,0,1,1,0
Enak banget,positif,,,,,,1,0,0,0,0
Mie nya enak dan juga murah,positif,positif,,,,,1,1,0,0,0
Salah satu tempat favorite ?? �,,,,,positif,,0,0,0,0,1
Lumayan rasanya,positif,,,,,,1,0,0,0,0
Favorite banget mienya,positif,,,,,,1,0,0,0,0
Minya enak,positif,,,,,,1,0,0,0,0
Mantab enak dan josss,positif,,,,,,1,0,0,0,0
Cepat dan enak,positif,,positif,,,,1,0,1,0,0
"Enak,nyaman dan ramah",positif,,positif,positif,,,1,0,1,1,0
LANGGANAN SEJAK DAHULU KULIAH,,,,,positif,,0,0,0,0,1
Rasanya bikin ketagihan,positif,,,,,,1,0,0,0,0
Layananya mantaps,,,positif,,,,0,0,1,0,0
Pelayanan kurang cepat,,,negatif,,,,0,0,2,0,0
Tingkatkan pelayanannya,,,negatif,,,,0,0,2,0,0
Lama pelayanan nya,,,negatif,,,,0,0,2,0,0
"Keren, asyik, dan murah",,positif,,,,,0,1,0,0,0
Enak ini,positif,,,,,,1,0,0,0,0
Enak cozy dan Instagram able,positif,,,positif,,,1,0,0,1,0
Lumayan lah,,,,,netral,,0,0,0,0,3
Pelayanan yang lama,,,negatif,,,,0,0,2,0,0
lanjutkan keenakan mu,positif,,,,,,1,0,0,0,0
ini juga sama....hanya orderan,,,,,netral,,0,0,0,0,3
Lumayan enak,positif,,,,,,1,0,0,0,0
Enak bangett murce,positif,positif,,,,,1,1,0,0,0
Lumayan lah,,,,,netral,,0,0,0,0,3
"Lambat,,padahal sepi,,",,,negatif,,,,0,0,2,0,0
Cukup bagus,,,,,netral,,0,0,0,0,3
Lama untuk pemesanannya,,,negatif,,,,0,0,2,0,0
Kurang pedes,negatif,,,,,,2,0,0,0,0
Mantap...,,,,,positif,,0,0,0,0,1
Porsinya buwanyakkkkk.,positif,,,,,,1,0,0,0,0
Sangat bagus,,,,,positif,,0,0,0,0,1
Lumayan lah,,,,,netral,,0,0,0,0,3
Mantap deh?? �,,,,,positif,,0,0,0,0,1
antrinya lama,,,negatif,,,,0,0,2,0,0
Maknyus mantap,,,,,positif,,0,0,0,0,1
ToPKB rasanya...,,,,,netral,,0,0,0,0,3
Daebak ?? �,,,,,positif,,0,0,0,0,1
Ingat Jember ingat Mie Teror,,,,,netral,,0,0,0,0,3
Mie nya enak,positif,,,,,,1,0,0,0,0
Pasti kenyangnya,netral,,,,,,3,0,0,0,0
Makanan enak,positif,,,,,,1,0,0,0,0
Mantul,,,,,positif,,0,0,0,0,1
Biasa ajah,,,,,netral,,0,0,0,0,3
makanan murah meriah,,positif,,,,,0,1,0,0,0
Lezat?? �,positif,,,,,,1,0,0,0,0
Wenaaak tapi agak lama,,,negatif,,,,0,0,2,0,0
Recommend banget,,,,,positif,,0,0,0,0,1
Mantap bnget?? �,,,,,positif,,0,0,0,0,1
Enak murah,positif,positif,,,,,1,1,0,0,0
Tempatx nyaman,,,,positif,,,0,0,0,1,0
Pelayanan lemooott,,,negatif,,,,0,0,2,0,0
Lumayan,,,,,netral,,0,0,0,0,3
Mantap,,,,,positif,,0,0,0,0,1
Pedes banget,netral,,,,,,3,0,0,0,0
Langganan dah,,,,,positif,,0,0,0,0,1
Mantab,,,,,positif,,0,0,0,0,1
mantappp cuyyy,,,,,positif,,0,0,0,0,1
Nyaman,,,,positif,,,0,0,0,1,0
Selalu terbaik,,,,,positif,,0,0,0,0,1
Enak,positif,,,,,,1,0,0,0,0
Mantul,,,,,positif,,0,0,0,0,1
Enak,positif,,,,,,1,0,0,0,0
bagus,,,,,positif,,0,0,0,0,1
Mantul,,,,,positif,,0,0,0,0,1
Mantap,,,,,positif,,0,0,0,0,1
Sempit,,,,negatif,,,0,0,0,2,0
Keren,,,,,positif,,0,0,0,0,1
Enak,positif,,,,,,1,0,0,0,0
Mantap,,,,,positif,,0,0,0,0,1
Lumayan,,,,,netral,,0,0,0,0,3
Enak,positif,,,,,,1,0,0,0,0
Full Sholawat,,,,netral,,,0,0,0,3,0
enak,positif,,,,,,1,0,0,0,0
Mantap,,,,,positif,,0,0,0,0,1
Rame,,,,,netral,,0,0,0,0,3
Mantulll,,,,,positif,,0,0,0,0,1
Cetar,,,,,netral,,0,0,0,0,3
Suka,,,,,positif,,0,0,0,0,1
"Murah, enak",positif,positif,,,,,1,1,0,0,0
Murah,,positif,,,,,0,1,0,0,0
Sopan,,,positif,,,,0,0,1,0,0
Enak. Cucok untuk keluarga,positif,,,,,,1,0,0,0,0
Lumayan,,,,,netral,,0,0,0,0,3
Enak,positif,,,,,,1,0,0,0,0
Enak,positif,,,,,,1,0,0,0,0
Enak,positif,,,,,,1,0,0,0,0
enak,positif,,,,,,1,0,0,0,0
Kacau,,,,,negatif,,0,0,0,0,2
Bagus,,,,,positif,,0,0,0,0,1
Sipp,,,,,positif,,0,0,0,0,1
Bagus,,,,,positif,,0,0,0,0,1
Favorit nih?? �,,,,,positif,,0,0,0,0,1
Tempat nongkrong,,,,,netral,,0,0,0,0,3
Enak banget,positif,,,,,,1,0,0,0,0
Rasanya nikmat,positif,,,,,,1,0,0,0,0
Mantap,,,,,positif,,0,0,0,0,1
Rame pwoolk,,,,,netral,,0,0,0,0,3
Lama,,,negatif,,,,0,0,2,0,0
Sip,,,,,netral,,0,0,0,0,3
Mayan,,,,,netral,,0,0,0,0,3
Lama,,,negatif,,,,0,0,2,0,0
Pedas,netral,,,,,,3,0,0,0,0
Bingit... rame-rame....,,,,,netral,,0,0,0,0,3
Hot,,,,,netral,,0,0,0,0,3
Maps tidak akurat,,,,,negatif,,0,0,0,0,2
Mie favorit di jember,,,,,positif,,0,0,0,0,1
Mayan,,,,,netral,,0,0,0,0,3
Sip,,,,,positif,,0,0,0,0,1
Sip,,,,,positif,,0,0,0,0,1
Pedes poll,netral,,,,,,3,0,0,0,0
Super,,,,,positif,,0,0,0,0,1
Kuliner murmer,,positif,,,,,0,1,0,0,0
Lama polll,,,negatif,,,,0,0,2,0,0
Mienya enak,positif,,,,,,1,0,0,0,0
Lumayaan..,,,,,netral,,0,0,0,0,3
Mienya enak,positif,,,,,,1,0,0,0,0
Mienya enak,positif,,,,,,1,0,0,0,0
Mie nya enak,positif,,,,,,1,0,0,0,0
enak murah,positif,positif,,,,,1,1,0,0,0
"Mie terror artinya Mie Teror. Sepertinya mereka memberi nama kedai mi ini ""Mie Terror"" karena mereka menjual mi dengan level pedas (level 1-5) dan memang pedas. �",,,,,netral,,0,0,0,0,3
Salah satu mie pedas favoritku di Jember! Rasanya enak karena kaya rasa dan tekstur mienya lembut. Coba sendiri! Tersedia untuk dipesan melalui aplikasi Gojek.,positif,,positif,,,,1,0,1,0,0
"Enak banget, apalagi kalau disandingkan dengan udang rambutan yang mantap ??",positif,,,,,,1,0,0,0,0
"Tempat ini cocok untuk menikmati mi pedas, dan rasanya luar biasa. Suka banget, dan wajib dicoba.",positif,,,positif,,,1,0,0,1,0
"Suka banget, mie pedasnya mantap, paling mantap di kota ini",positif,,,,,,1,0,0,0,0
tenang sepadan dengan harganya,,,,,positif,,0,0,0,0,1
Jangan parkir di chusus ojol di tempat kerja Anda.....,,,,negatif,,,0,0,0,2,0
"??Mie biasa, tapi toppingnya mantap? �",positif,,,,,,1,0,0,0,0
Ada Wi-Fi?,,,,netral,,,0,0,0,3,0
Pelayanannya lambat...lambat...dehkah,,,negatif,,,,0,0,2,0,0
Mie yang sangat pedas dan lezat,positif,,,,,,1,0,0,0,0
"Menakutkan, tempatnya agak panas",,,,negatif,,,0,0,0,2,0
Mie dan kuahnya sangat direkomendasikan.,positif,,,,,,1,0,0,0,0
Lumayan lah ???? �,,,,,netral,,0,0,0,0,3
"Tidak terlalu enak, standar",negatif,,,,,,2,0,0,0,0
Cukup lama,,,negatif,,,,0,0,2,0,0
Berlangganan ayasam,,,,,netral,,0,0,0,0,3
Makanannya sangat enak.,positif,,,,,,1,0,0,0,0
Tempat yang ramah untuk makan mie,,,,positif,,,0,0,0,1,0
Makanan pedas yang enak...,positif,,,,,,1,0,0,0,0
Mie level favorit ?? �,netral,,,,,,3,0,0,0,0
bumper super enakkk,,,,,positif,,0,0,0,0,1
Bagus?? �,,,,,positif,,0,0,0,0,1
Mantaapp,,,,,positif,,0,0,0,0,1
mandi,,,,,netral,,0,0,0,0,3
Minum,,,,,netral,,0,0,0,0,3
Enakkk,positif,,,,,,1,0,0,0,0
Josmarkotos oke,,,,,positif,,0,0,0,0,1
Keluar,,,,,netral,,0,0,0,0,3
Sippp,,,,,positif,,0,0,0,0,1
Sedikit,,,,,negatif,,0,0,0,0,2
Enakkkkk,positif,,,,,,1,0,0,0,0
Wenakkkkk,positif,,,,,,1,0,0,0,0
Tiupan,,,,,netral,,0,0,0,0,3
Umum,,,,,netral,,0,0,0,0,3
Jadiiiiiii,,,,,netral,,0,0,0,0,3
Mantaaaap,,,,,positif,,0,0,0,0,1
Mawang,,,,,netral,,0,0,0,0,3
Tempat itu menakutkan.,,,,negatif,,,0,0,0,2,0
Mempermanis,,,,,netral,,0,0,0,0,3
Bagus,,,,,positif,,0,0,0,0,1
Muaaantaaaaabb pedes,positif,,,,,,1,0,0,0,0
Bagus,,,,,positif,,0,0,0,0,1
Bagus,,,,,positif,,0,0,0,0,1
Oke,,,,,positif,,0,0,0,0,1
Enak,positif,,,,,,1,0,0,0,0
itu sangat bagus,,,,,positif,,0,0,0,0,1
Oke.,,,,,positif,,0,0,0,0,1
enakkk pool,positif,,,,,,1,0,0,0,0
Bagus,,,,,positif,,0,0,0,0,1
Suka musiknya,,,,,positif,,0,0,0,0,1
"Lezat dan sehat,",positif,,,,,,1,0,0,0,0
menyesap,,,,,netral,,0,0,0,0,3
Pertunjukan lama,,,negatif,,,,0,0,2,0,0
Ter yang terbaik,,,,,positif ,,0,0,0,0,0
Nayamul,,,,,netral,,0,0,0,0,3
Nayamul,,,,,netral,,0,0,0,0,3
"Sejauh ini, mie level terenak di Balung.. Harganya murah rasanya mewah 😍 apalagi udang kejunya.. Mantap puol …",positif,positif,,,,,1,1,0,0,0
"Mie nya enak, kemarin dapat diskon beli 2 gratis 1",positif,positif,,,,,1,1,0,0,0
"Bilang nya nunggu setengah jam lagi tapi ini lebih dari 1 jam,sampek bolak balik tanya sudah apa belum katanya bentar lagi,lain kali jangan di diemin customer nya ,nunggu lama” datangnya ga sesuai , biasanya besar” ini kecil” udang keju nya",negatif,,negatif,,,,2,0,2,0,0
"Untuk rasa ok lah lumayan
Kalo bisa masak mie nya jangan kelamaan biar gak lembek tekstur Mie nya patah patah pelayanan ok cuma harus lebih interaktif ke customer",negatif,,negatif,,,,2,0,2,0,0
"saya sebenarnya suka makan di Mie Sakera, hampir setiap hari malah, tapi kali ini ada yang membuat saya KURANG NYAMAN. Salah satu karyawan menyapa dengan ramah(mungkin berniat nya humble), justru leader di sana menggebrak meja di depan …",positif,,negatif,,,,1,0,2,0,0
"Menurut ku mienya rasanya Biasa aja, ukurannya agak gede, lembek, cabe 5 gak pedes. Untuk tempatnya bersih dan nyaman, pelayanannya bisa diperbaiki lagi",negatif,,negatif,positif,,,2,0,2,1,0
"makanannya lumayan, tpi sayang pelayanannya mengecewakan, makanan saya baru dateng 1 jam kemudian, pdahal pelangggan yang datang setelah saya sudah dapat pesanannya. Harus nya kalo emang ada kendala bisa komunikasi ke pelanggan biar kita ga salah paham, atau mungkin mas nya emang lupa dengan pesanan saya, saya juga kurang tau",,,negatif,,,,0,0,2,0,0
"makanannya lumayan, TAPI pelayanannya yang kurang, makanan saya datengnya 1 jam padahal temannya pedenannya sudah datang tapi punya saya belum datang² padahal pesennya dulunlan sayaa",,,,,,,0,0,0,0,0
"Menu yg unik dengan aneka bahasa madura dengan ciri khas sakeranya, dengan level dan pelafalan bahasa madura. Semakin ganas semakin panas dan pedas. Ditambah lagi cabe yg bisa request seberapa banyak keiinginan pelanggannya",positif,,,,,,1,0,0,0,0
"mienya enak pedess dimsumnya kerasa cuma udang rambutan sama udang kejunya gak berasa udang cuma ayam aja, tapi gpp lah enak pelayanan cepet",negatif,,positif,,,,2,0,1,0,0
"langganan disini, pelayanan cepat, dan orderan selalu sesuai, cuma ya gitu, parkirnya berbayar🙂 …",,negatif,positif,,,,0,2,1,0,0
"Mohon di perhatikan untuk kasir cowok, saat melayani customer, usahakan 5S ya, jangan ketus wkwkwk kasian buat orang pemula/orang tua yg kurang paham menu, kalau masih muda mah it's okay.",,,negatif,,,,0,0,2,0,0
"Miee nya enak, ga bikin eneg, apalagi yang suka pedes murah juga worth it sih. Dan juga pelayanannya juga ramah jadi gak bosen bolak balik kesana wkwk.",positif,positif,positif,,,,1,1,1,0,0
"Pelayanan ramah dan cepat, tempat nyaman dan bersih, cocok buat kumpul bareng temen dan keluarga 😚 menu paling best siomay sama udang keju nya puhhhhh the besttttt 😘😍 …",positif,,positif,positif,,,1,0,1,1,0
tempat nya enak buat nongkrong pelayanan nya ramah dan ganteng makanan nya the best in the world GK pernah bosen untuk balik kesini terus recommended banget juga buat anak muda yang suka makanan pedes,positif,,positif,positif,,,1,0,1,1,0
"Mie nya enak, tempat bersih, pelayanan ramah, kurang meja kursi aja sih.",positif,,positif,negatif,,,1,0,1,2,0
"Pelayanannya sangat ramah cocok untuk makan bersama keluarga/temen,dan tempatnya sangat bersih",,,positif,positif,,,0,0,1,1,0
"Salah satu Cabang Mie Sakera yang ada di Jember Kota...
Mie nya enak, apalagi dimsumnya.
Cuma tempatnya emg gak segede yang di Jember. 😁😁 …",positif,,,negatif,,,1,0,0,2,0
"Tempat nyaman, bersih, pelayanannya ramah dan cepat. Makanan fav kalo lagi ke Balung 🥰😘 …",,,positif,positif,,,0,0,1,1,0
uenakk banget sukakkk,positif,,,,,,1,0,0,0,0
"Pelayanannya ramah dan cepat, makanannya enak nyaman untuk makan bersama",positif,,positif,positif,,,1,0,1,1,0
"Nyaman,beberap kali beli Alhamdulillah plyanan cepat
Cuma mungkin tmpat kurang luas",,,positif,negatif,,,0,0,1,2,0
"Mie nya b aja, malah terlalu mateng, siomay sama udang rambutan nya enak.. tp sayang bgt pelayanan lama krn cuma 1 orang.. adekku suruh beli keburu bete nunggunya lama …",negatif,,negatif,,,,2,0,2,0,0
"Pelayanannya baik, tempatnya bersih..
Makanannya enak 👍 …",positif,,positif,positif,,,1,0,1,1,0
Pelayanan cepat makanan enak pedes nampol dimsumnya enak,positif,,positif,,,,1,0,1,0,0
makanannya enak pelayanan ramah nunggunya tidak lama,positif,,positif,,,,1,0,1,0,0
"makanannya 1 jam kemudian baru datang, dan pelanggan sesudah saya di dahulukan",,,negatif,,,,0,0,2,0,0
"suka, waktu kemaren kesana pelayannya ramahh",,,positif,,,,0,0,1,0,0
"Rasanya enak. Pedasnya nampol
Harga murah",positif,positif,,,,,1,1,0,0,0
"PELAYANAN NYA BAIK, MAS MAS NYA GANTENG DAN RAMAHHH,ALWAYS SAKERAAA 😈😈😈
#sakeratillidie …",,,positif,,,,0,0,1,0,0
"lebih baik ngomong jujur ke customer, ngomongnya 20 menit, ternyata sampai 1 jam, itupun masih belum selesai2 dan masih nunggu kiriman mie, mestinya ngomong jujur ke customer kalau emang ga ada kepastian kapan mienya dateng, kok malah diem customer nunggu sampai 1 jam",,,negatif,,,,0,0,2,0,0
enakk bangettt makanannyaa yg jual ramah”,positif,,positif,,,,1,0,1,0,0
"Pertama kali beli dan menurutku rasanya B aja, mie nya agak lembek terus pesen lumpia ayam hampir gosong rasanya juga agak legit gak tau itu kenapa. Dan juga pelayanannya mohon diperbaiki saya nunggu pesenan 30 menit lebih baru dateng. …",negatif,,negatif,,,,2,0,2,0,0
"Harga terjangkau porsi sangat banyak dan pedas mie nya juga pas sesuai.
Untuk varian dim sum juga lumayan enak. Top untuk Mie Sakera, semoga semakin laris dan maju kedepannya.👍 …",positif,positif,,,,,1,1,0,0,0
"mie nya enak, rasa pedesnya passs",positif,,,,,,1,0,0,0,0
Makanan nya enak tempat nya juga rapih,positif,,,positif,,,1,0,0,1,0
"Mie setan tipe yg aku suka, rasanya gurih & bikin nagih. Utk pelayanan agak lambat si, tpi gpp bisa dibenahi lg",positif,,negatif,,,,1,0,2,0,0
Pelayanannnya lama ..sampek antri sampek 20 orang kasihan customer yang nunggu,,,negatif,,,,0,0,2,0,0
pelayanan nya ramah dan cepet saji,,,positif,,,,0,0,1,0,0
"Worth to money. Malah menurut saya rasanya lbh dari harga yg dibayar. Dimsum-dimsumnya jg enak, layak dicoba jg. Tempat parkir cukup tersedia. Layanan jg cepat.",positif,,positif,positif,,,1,0,1,1,0
"Makanannya enak,cuma pelayanannya aja,tolong ya buat mas nya komuk nya bisa biasa aja ngga ? Gausah sinis 🙄 cuma minta 1 sumpit doang udah lirik²an sama temen satunya Gedeg bgt gua liat nya SAYA ITU BELI …",positif,,negatif,,,,1,0,2,0,0
Mantap dan cepat penyajiannya👍 …,,,positif,,,,0,0,1,0,0
"makanan enak, pelayanan juga baik, tapi tukang parkirnya ngebebanin orang bngt,udah ga kerja, main hp Mulu, gitu pas orang mau pulang malah narik uang.
hadehhh",positif,,negatif,,,,1,0,2,0,0
"Rasa dari makananya sebenarnya sudah enak, tapi kalau menurut saya masih bisa ditambah dan di improve lagi. Pilihan menunya sudah cukup banyak mulai dari macam-macam jenis mie, camilan sampai minuman. Oiya harganya juga masih terjangkau kok.",netral,positif,,,,,3,1,0,0,0
"tolong di gojek kalo emang gaada drivernya ya dibatalin, menghambat pesann customer, meunggu terlalu lama",,,negatif,,,,0,0,2,0,0
enakk mas nya ramahhh 🙌🏻 …,,,positif,,,,0,0,1,0,0
semua menuanya terbaik 🫶 …,positif,,,,,,1,0,0,0,0
"Mie pedas langganan ku, rasanya enak bikin nagih, pedasnya standar, pelayanan cepat dan ramah, tempatnya bersih. Rekomended banget bagi anda yang kelaparan. Banyak promonya cus dicoba dijamin ga bakal kecewa",positif,positif,positif,positif,,,1,1,1,1,0
"Makanannya seperti mie sakera pada umumnya,rasa tetep sama tidak berubah, tapi pelayanan nya agak lama, apalagi kalo pas pelanggan rame, mungkin karena karyawannya 2orang aja.",positif,,negatif,,,,1,0,2,0,0
Service team nya lama,,,negatif,,,,0,0,2,0,0
Mie nya mantap dan murah,positif,positif,,,,,1,1,0,0,0
"Patut dicoba bagi pecinta MIE...
Pelayannya sangat ramah...
Semoga makin maju usahanya...",,,positif,,,,0,0,1,0,0
Tetap mie dg sejenisnya yang paling enak di balung,positif,,,,,,1,0,0,0,0
"wenak wenak josjis,lezat,lopyu",positif,,,,,,1,0,0,0,0
tukang parkir ilangin aja toko cuma segitu di kasih tukang parkir ga bantu nyebrang minta uang padahal motor di samping kursi makan,,,negatif,,,,0,0,2,0,0
"Mungkin tempatnya aja ya yg kurang luas
Menurut saya kurang strategis,tapi meskipun begitu makanannya tergolong murah dan enak...khusus yg suka pedes👍 …",positif,positif,,negatif,,,1,1,0,2,0
Rekomended !,,,,,positif,,0,0,0,0,1
Mie nya Biasah saja .dimsunya yg kecil bngt lbh bsr dimsum nya mie *G* yg ada di jl sumtra jbr,negatif,,,,,,2,0,0,0,0
Enak deket tempat dinas,positif,,,positif,,,1,0,0,1,0
Pelayanan dan makanan ok,positif,,positif,,,,1,0,1,0,0
Mie nya ternyata ga sepedaas yg di bayanggkan.malahan g berasa...klo Rasa ok lah,negatif,,,,,,2,0,0,0,0
enak banget,positif,,,,,,1,0,0,0,0
Barusan beli Di sausnya ada tai cicaknya. Nafsu makan jadi ilang,negatif,,,,,,2,0,0,0,0
selalu jadi langganan😍 …,,,,,positif,,0,0,0,0,1
"Pelayanan sangat buruk, kesana  jam 11.35 belum buka padahal di map buka nya jam 11.00 tolong perbaiki lagi pelayanan nya",,,negatif,,,,0,0,2,0,0
enak seru asik,,,,,positif,,0,0,0,0,1
Enak aja,positif,,,,,,1,0,0,0,0
Temptnya nyaman dan makanannya enak,positif,,,positif,,,1,0,0,1,0
"Outlet bersih ,pelayanan ramah dan friendly.",,,positif,positif,,,0,0,1,1,0
Tempat kurang nyaman bagi saya,,,,negatif,,,0,0,0,2,0
Lampu kurang terang ..area parkir kurang luas,,,,negatif,,,0,0,0,2,0
Suasana pinggir jalan balung yg nyaman,,,,positif,,,0,0,0,1,0
Enak sekali.. Rasanya nagih..,positif,,,,,,1,0,0,0,0
Enak suip manta,positif,,,,,,1,0,0,0,0
Mie langganan,,,,,positif,,0,0,0,0,1
Langganan😂 …,,,,,positif,,0,0,0,0,1
Kurang sat set,,,negatif,,,,0,0,2,0,0
Enak sekaliiii,positif,,,,,,1,0,0,0,0
Enak poll,positif,,,,,,1,0,0,0,0
pelayanan cepat,,,positif,,,,0,0,1,0,0
Enak dan pedas,positif,,,,,,1,0,0,0,0
Soal rasa the best,positif,,,,,,1,0,0,0,0
Mantab jiwa,,,,,positif,,0,0,0,0,1
Puas,,,,,positif,,0,0,0,0,1
Enak,positif,,,,,,1,0,0,0,0
Proses cpt,,,positif,,,,0,0,1,0,0
"Meskipun mereka hanya bisa berbahasa Indonesia, kami memesan Mie Goreng, pangsit ayam, dan lumpia ayam (Google Translate membantu kami). Mienya lezat, tebal, dengan sedikit rasa manis dan pedas. Mie, pangsit ayam, dan lumpianya lezat!",positif,,,,,,1,0,0,0,0
Terbaik👍 …,,,,,positif,,0,0,0,0,1
Bagus👍 …,,,,,positif,,0,0,0,0,1
wenkkk,positif,,,,,,1,0,0,0,0
Mantaap 👍 …,,,,,positif,,0,0,0,0,1
"Mie level ter the best☺️🤩 berharap bakal buka cabang di kediri juga, biar nnti pas udah lulus kuliah di jember masih bisa makan mie ini ga jauh²🤗 …",positif,,,positif,,,1,0,0,1,0
"Mie-nya enak, harga pas di kantong, dan pelayanannya super ramah. Recommended!",positif,positif,positif,,,,1,1,1,0,0
"mienya enk bumbunya pas, soal rasa bisa ngalahin mie pedes lainnya sihh, pokoknya sakera the best😍 …",positif,,,,,,1,0,0,0,0
"Gausah di ragukan lagi mie sakera ini emang mie paling mantul ... Gakalah sama mie"" sama yg lagi viral .. mie sakera tetap besttt ... Tetapp seperti ini dan selalu berinovasi yaa ... ♥️♥️",positif,,,,,,1,0,0,0,0
"Suka banget sama rasa mie nya apalagi siomay dan dimsum lainnya gada yang ngalahin. Pelayanannya ramah, cepet juga",positif,,positif,,,,1,0,1,0,0
Tempatnya nyaman banget apalagi yg di lantai 2 bisa melihat langsung pesona puncak rembangan 🙂 …,,,,positif,,,0,0,0,1,0
"Rasa mienya layak untuk dicoba kembali. Dimsumnya juga ok. Hanya saja namanya agak mengandung unsur kekerasan, apa karena namanya mie sakera? Salah satu pendekar yang cukup terkenal di masa lalu. Harga cukup bersaing dengan produk sejenis di kelasnya",positif,positif,,,,,1,1,0,0,0
Sangat suka dan ramah... Gak kayak sakera lainnya pada songong-songong . Maka dari itu saya langganan di tempat sakera di jalan danau Toba ini,,,positif,,,,0,0,1,0,0
"Review untuk menu promo paket 1 harga Rp19.000
-Mie Torkop goreng, pedesnya nampooll. Mienya padet banget, kenyang pokoknya. Bisa buat 2kali makan saking pedes dan banyaknya mienya.. Pedesnya bisa request …",positif,netral,,,,,1,3,0,0,0
"Pelayanan ramah dan cepat, selalu langganan mie sakera karena suka bangett",,,positif,,,,0,0,1,0,0
Suasananya cocok untuk dinner bersama pasangan dan ramah dikantong😁 …,,positif,,positif,,,0,1,0,1,0
"tempatnya bersih, kasir dan karyawan yg lainnya jg ramah, untuk makannya juga enak",positif,,positif,positif,,,1,0,1,1,0
"Keluarga saya sudah  langganan disini karena enak dan pelayanan bagus, baru kali ini saya beli lagi disini pesanan saya dilewatin berkali2 padahal antriannya sedikit banget..sangat kecewa hari ini hampir nunggu 1 jam nunggu makanan,makan jadi ga mood. Terima kasih",positif,,negatif,,,,1,0,2,0,0
Mie terfavorit sejak 2019 pelayanan juga mantap ❤,,,positif,,,,0,0,1,0,0
"Nyobain rasa mie originalnya, soalnya udah pernah yang pake kecap, rasanya masih sama² enak, sedep asin gurih, pelayanan oke, tempat bersih
minus tisunya pas lagi kosong, jadi pas meler kepedesen bingung, tapi overall okelah, mantapp🤙🤙🤙 …",positif,,positif,negatif,,,1,0,1,2,0
"Walaupun tempatnya kecil tapi pengunjungnya ramai setiap hari
Mie nya enak, ada pilihan mie goreng atau mie Original serta ada pilihan level kepedasannya juga …",positif,,,positif,,,1,0,0,1,0
"Mie-miean pedes terfavorit selama merantau di Jember. Pertama kali nyobain pas dulu masih di depan belum seluas sekarang tempatnya. Mienya sudah punya beberapa cabang di Jember. Untuk rasanya nggak berubah(malah menurut saya makin enak, …",positif,,,,,,1,0,0,0,0
"Recomended banget untuk makan bareng keluarga....
Pedesnya oke banget untuk aku yang suka makan makanan pedes...✌",positif,,,positif,,,1,0,0,1,0
"Salah satu outlet Mie Sakera yang ada di Jember. Menyediakan berbagai olahan Mie dengan level kepedasan sesuai permintaan konsumen dengan aneka macam Topping. Tersedia juga beberapa pilihan menu Dimsum. Bisa Dine In, take Away dan pemesanan melalui ojek Online. Tempatnya cozy dan strategis.",positif,,positif,positif,,,1,0,1,1,0
"Langganan mah klok gk di balung , danau toba  ya slawu",,,,,positif,,0,0,0,0,1
"emang dari dulu suka mie Sakera sih dari yang dibalung sampe sekarang kuliah dan beli di danau toba, mie nya enak kaya nyemek' enak deh dimsum' nya juga, porsi juga banyak, recommended",positif,,,,,,1,0,0,0,0
"pelayanan ramah, murah senyum, tempat bersih dan nyaman❤️🥰 …",,,positif,positif,,,0,0,1,1,0
"Pelayanannya ramahh, dimsumnya enak bangetttttt",positif,,positif,,,,1,0,1,0,0
Makanan ini cabang ada dimana aja rasanya tetep enak puol.. Dan harganya terjangkau pula apalagi dimsumnya semuanya rasanya enak banget.. Rekom banget dah.. Tapi 1 kalau bisa lagu yg di bunyikan itu jangan yang DJ gak jelas gitu mending lagu yang enak di denger pas makan 🙂 …,positif,positif,,negatif,,,1,1,0,2,0
"Tempatnya nyaman, pelayannya juga ramahhh",,,positif,positif,,,0,0,1,1,0
"pesenan tgl 24 des 2025 jam 15.00, pesen ori malah dikasih goreng",,,negatif,,,,0,0,2,0,0
"Tiap kali lapar sehabis ngampus, selalu mampir di sini.",,,,,positif,,0,0,0,0,1
"Tempatnya bersih, pelayanannya ramah, dan Makanan cepat banget gk nunggu lama .
Paling enak d lantai 2 enak bangett sejukk",,,positif,positif,,,0,0,1,1,0
Rasanyaa enakk dan porsinya menurutku sudah mengenyangkan. Ada beberapa jenis level pedasnya. Btw ada 2 lantai disinii. Dan pelayanannya ramah. …,positif,,positif,netral,,,1,0,1,3,0
"Rasanya gk pernah berubah, tetep andalan di era gempuran gacoan dan wizzmie 🌟🌟🌟🌟🌟 …",positif,,,,,,1,0,0,0,0
"saya baru pertama kali makan di mie sakera danau toba,makanannya enak,lezat,bikin nagih pengen kembali lagi,pelayanannya super ramah,dan tempatnya jugak nyaman",positif,,positif,positif,,,1,0,1,1,0
"Sering banget ada promo, mantap bngt👍 …",,positif,,,,,0,1,0,0,0
"Mantabbb enaakkk

Anas In Action …",positif,,,,,,1,0,0,0,0
"Mie nya ada 2 jenis, ori dan goreng. Bumbu mie gorengnya beda, tidk seperti mie level pedas di tempat lain, lebih enak. Porsinya juga banyak. Pangsitnya juga banyak. Harga relatif murah. Tempatnya selalu ramai pengunjung. Tersedia di aplikasi ojol. Recommended untuk klian coba.",positif,positif,positif,positif,,,1,1,1,1,0
"Ya.. Rasa mie nya enak, jika suka pedas cocok makan disini, tersedia juga mi nggak pedes",positif,,,,,,1,0,0,0,0
"pelayanannya selalu ramah, mienya enak.. selalu sesuai req customer... banyak promo dan diskon...
lop lopp pokoknya buat sakera 🫰❤️❤️ …",positif,positif,positif,,,,1,1,1,0,0
Mie nya enakk banget ❤️❤️,positif,,,,,,1,0,0,0,0
"Ibu saya suka sekali mi sakera
Kata ibu sy, hanya mi sakera yg rasanya konsisten
Dan hny mi sakera yg boleh nambah ayam, ditmpt lain susah sekali mau nmbah ayam …",positif,,,,,,1,0,0,0,0
mie nya cocok buat dijadiin langganan tmpat makan. enak pedesnya sesuai selera,positif,,,,,,1,0,0,0,0
"dri dulu langganan di mie sakera, harga terjangkau, rasa ga pernah berubah selalu enakkk, dan pelayanan bagus banget",positif,positif,positif,,,,1,1,1,0,0
Mienya enak. Tapi sepi huhu. Semoga laris manis lagi kayak dulu waktu masih opening yaaaa. Aamiin allahumma aamiin. 💕 …,positif,,,,,,1,0,0,0,0
Mie nya Enak dan luar biasa rasanya Sangat Sempurna bikin ketagihan lagi,positif,,,,,,1,0,0,0,0
"Pelayanannya sangat bagus, menu favorit, menjadi salah satu kuliner mie favorit",positif,,positif,,,,1,0,1,0,0
"Tempat ini adalah tempat favorit ibu saya, ibu saya sangat suka dengan menu mie original cabe 1 dengan toping daging burger, serta dimsum siomay. …",positif,,,,,,1,0,0,0,0
"Biasanya makan yang goreng, ini tadi nyoba yang kuah kotsu ternyata mantaap. Harus cobain kalo di jember",positif,,,,,,1,0,0,0,0
"Mienya enak langganan dah lama dari SMA sampe lulus kuliah rasanya ga berubah, mantappp pokoknya",positif,,,,,,1,0,0,0,0
sangat baik  dari segi pelayanannya dan ramah,,,positif,,,,0,0,1,0,0
"Ini nih tempat recommend buat yang suka makan pedes namanya mie sakera, disini tingkat kematangan mienya pas dan pedesnya itu nampoll banget, standnya bagus tapi saya lebih suka bungkus daripada makan ditempat. Pokoknya mie ini langganan saya kalau lagi pengen makan pedes""😍😍😍 …",positif,,,,,,1,0,0,0,0
"Mie nya enak, paling suka mie goreng level 3,pedesnya pas... Parkir rada ribet, untuk hari jumat tutup atau nunggu setelah shalat jumat, koki shalat jumat dulu",positif,,negatif,,,,1,0,2,0,0
Ini makanannya oke banget. Cuman mungkin kayak kipasnya bisa dibersihkan dan di benarkan ya. Dirawatlah intinya. Terimakasih,positif,,,negatif,,,1,0,0,2,0
Mie nya enak. Pelayanan bagus. Paling suka yg varian ori. Dimsumnya juga manta0,positif,,positif,,,,1,0,1,0,0
"Mienya enak puedes poll, pelayannan oke ramah semua
Kapan kapan pasti balik ke mie sakera lagi ,",positif,,positif,,,,1,0,1,0,0
Pelayanannya baik banget sopan sopn & cepet. Makanannya juga enak. suasanya enak juga di atas,positif,,positif,positif,,,1,0,1,1,0
"Enak banget, mi pedes cita rasa lokal, dari pilihan menu nya aja udah keliatan bgt maduranya 😂👍 …",positif,,,,,,1,0,0,0,0
Mas* nya ramah dan pesanan kita cepet Dateng,,,positif,,,,0,0,1,0,0
"Overall oke banget dari pelayanan dan rasanya 👍
Mie Lokal Jember yang paling Recommended untuk dicoba …",positif,,positif,,,,1,0,1,0,0
"Mie sakera goreng, udang rambutan dan es teh manis. Paket komplit untuk sekali makan dengan rasa yang cukup memuaskan. Wort it
dengan harga ramah.",positif,positif,,,,,1,1,0,0,0
"awalnya mau coba yg torkop, krn kurang enak body jd coba yg tapok,, ternyata masih kurang pedas.. mungkin krn lidahnya yg udah kebal, temenku coba yg tobik aja sdh keringetan 😅 next time mau cobain yg torkop 😆 …",netral,,,,,,3,0,0,0,0
"Mie sakera yang menjual mie dengan original dan goreng serta memberikan rasa peda yang bertingkat (level 5-sepuas pelanggan)
Untuk harga terjangkau …",netral,positif,,,,,3,1,0,0,0
mienya selalu enakk dari jaman masih smk ❤️,positif,,,,,,1,0,0,0,0
Salah satu kuliner jember yg cukup rame. Sejenis mie ayam tanpa kuah yg bisa kita atur tingkat kepedesannya. Bisa pilih topping sosis/beef.,netral,,,,,,3,0,0,0,0
"mie nya enak😍, harga nya pas untuk kantong pelajar …",positif,positif,,,,,1,1,0,0,0
"Tempatnya nyaman, pelayanannya cepat.
Untuk mie-nya enak🔥
Terimakasih 🙏🙏 …",positif,,positif,positif,,,1,0,1,1,0
Menurutku ngga kalah enak sama mie sebelah😄 …,positif,,,,,,1,0,0,0,0
"pelayanan cepat, mie nya enak. harga2nya bersahabat, utk yg original 10K, yg goreng 11K, terdapat berbagai macam topping, porsi mienya lumayan banyak
cuman toilet umumnya kurang sip..",positif,positif,positif,negatif,,,1,1,1,2,0
Mie nya enak. Tempatnya nyaman. Parkir aman. Yee hari ini saya beli 5 porsi gratis 1 porsi 😂 …,positif,,,positif,,,1,0,0,1,0
"mie nya berubah
kemarennya basah nyemek enak
sekarang ga ada rasa keringg",negatif,,,,,,2,0,0,0,0
"Sukaa banget karena bumbu mienya banyak dan medhokk 👍🏻
Duduk di lantai 2 keren banget viewnya pegunungan …",positif,,,positif,,,1,0,0,1,0
"Mienya enak,porsi mantap,tempatnya full music dan lokasi mudah ditemukan",positif,,,positif,,,1,0,0,1,0
makanan nya enak saya sering beli disini pelayanan nya bagus,positif,,positif,,,,1,0,1,0,0
"Pelayanan cepat, makanan enak dan penyaji nya ramah.",positif,,positif,,,,1,0,1,0,0
"Rasa ngalor ngidul, masih lebih enak indomie goreng.

Mubazir tidak kemakan sama sekali. …",negatif,,,,,,2,0,0,0,0
"Mienya mantab, harga terjangkau. Rasa ga kalah sama yg kesetanan dan pakai gacoan",positif,positif,,,,,1,1,0,0,0
Makanannya enak pelayanan cepat mantapp,positif,,positif,,,,1,0,1,0,0
Selalu senang kalo makan di tempat ini top bgtt 👍 …,,,,positif,,,0,0,0,1,0
"Rasa mie nya enaak,udang""an nya wajib dicoba si kerasa banget",positif,,,,,,1,0,0,0,0
Mie sakera merupakan mie ayam dengan pedas berlevel. Mie sakera memiliki 2 pilihan yaitu sakera dengan original atau goreng. Dan memiliki level yang berbeda beda tingkat. Karena mie sakera identik dengan sakera madura. Maka levelnya pun …,netral,,,,,,3,0,0,0,0
"Biaya parkir langsung ditarik di kasir tanpa pemberitahuan terlebih dahulu, parahnya pelanggan yg mau pulang pas nyebrang naik motor gk di bantu  disebrangin sama tukang parkirnya.",,,negatif,,,,0,0,2,0,0
"Pilihan menu bervariasi, tiap level memiliki tingkat kepedasan yang berbeda diantaranya mie tepes (5 cabe), mie tobik (10 cabe) mie tapok (15 cabe). Kita juga bisa memilih toping sesuai selera. …",netral,,,,,,3,0,0,0,0
"Mienya enak , dimsumnya enak cocok buat makanan keluarga,",positif,,,,,,1,0,0,0,0
"Mienya seperti biasa enak.
Pelayanan ramah.",positif,,positif,,,,1,0,1,0,0
"Makanannya enak, suasana kurang nyaman,parkir mobil sempit",positif,,,negatif,,,1,0,0,2,0
"Tempat bersih luas, pegawainya juga ramah, mantap pokoknya",,,positif,positif,,,0,0,1,1,0
"Mie sakera merupakan tempat paling pas untuk berdua dengan pasangan. Dengan alunan lagu romantis, dan pedasnya mie serta melihat manisnya senyuman pasangan kita. Membuat tempat ini pas dan tidak terlupakan sebagai tempat hangout bareng.
Beralamat di jl danau toba Jember",,,,positif,,,0,0,0,1,0
"pelayannya sangat ramah
mie sangat enak",positif,,positif,,,,1,0,1,0,0
pelayanan dan rasa mie kuahnya enak,positif,,positif,,,,1,0,1,0,0
"makanannya enak,karyawannya ramah poll suasananya sejuk",positif,,positif,positif,,,1,0,1,1,0
"Pegawainya ramah, harganya pas di kantong mahasiswa, dan rasanya yang enak banget di jamin gak ngecewain dah",positif,positif,positif,,,,1,1,1,0,0
Menunya skrg d tambah. G cuma bakmi aja. Ada tahu walik. Ada sakerado (favorito... Itu mkanan telur puyuh d bungkus gilingan daging ayam dan udang d bungkus kembang tahu terus d goreng) sm siomay. Minumannya pun esnya banyak tp ttp manis.... Tmpatnya luas... Bukanya smpek mlem... Enak deh,positif,,positif,positif,,,1,0,1,1,0
Makanannya enak bumbunya medok dan merata,positif,,,,,,1,0,0,0,0
"Mie level 5 ternyata engga terlalu pedes (bagi pecinta pedas), mienya kenyal, bumbunya berasa, sakerado & tahu waliknya juga enaak",positif,,,,,,1,0,0,0,0
"Lokasinya pinggir jalan. Seporsi 11k, siomay 8-9k, minum start 3k. Kursinya banyak. Cuma agak gerah kalo makan siang hari",,netral,,negatif,,,0,3,0,2,0
"pelayanan ramah dan cepat, menunya enak enak. mantap",positif,,positif,,,,1,0,1,0,0
"Pelayanan ramahh, sekarang tempatnya makin bersih dan oke bgttt",,,positif,positif,,,0,0,1,1,0
Makanan mie pedas Yang cocok di lidah dengan harga mahasiswa,positif,positif,,,,,1,1,0,0,0
"Pelayanan cepat, lain kali adain promo lagi min, beli 1 gratis 1",,positif,positif,,,,0,1,1,0,0
Makanan nya enk dn pelayanan nya bgus,positif,,positif,,,,1,0,1,0,0
Selalu enak konsisten,positif,,,,,,1,0,0,0,0
Mienya tebel. Enak. Toppingnya ga pelit. Sering banget rame dan akhirnya milih buat di gojekin,positif,,netral,,,,1,0,3,0,0
"overall bagus, cita rasa masih khas, pelayanan sangat bagus, tempat bersih dan rapi",positif,,positif,positif,,,1,0,1,1,0
"Langganan dari 2018
Mie pedas favorit dari dulu",positif,,,,,,1,0,0,0,0
Selalu langganan disiniii dari dulu emang mie sakera terfav❤️❤️❤️,,,,,positif,,0,0,0,0,1
"rasa enak, pelayanan cepat, wifi cepat",positif,,positif,positif,,,1,0,1,1,0
"Mie nya enak pelayanan ramah
Mangkan nya betah semua pegawai nya",positif,,positif,,,,1,0,1,0,0
"Pelayanan cepat,karyawan ramah,murah senyum mantappp",,,positif,,,,0,0,1,0,0
tolong untuk karyawan di kitchen lebih sopan karena pas manggil customer celometan,,,negatif,,,,0,0,2,0,0
"pelayanannya sangat cepat
dan pegawainya ramah",,,positif,,,,0,0,1,0,0
favorit banget makan di mie sakera. paling suka makan pes tepes goreng.. jangan lupa abis makan ditumpuk tengah ya..,positif,,,,,,1,0,0,0,0
menu sering ganti kalau pesan di apk dan kalau orderan gojek sama grab ataupun shopee food seharus nya di Doble bungkus jangan seterofom aja sebaik nya kasih plastik dulu buat makanan baru masuk sterofeom biar tidak tumpah  bumbu mie tersebut,,,negatif,,,,0,0,2,0,0
"pelayanan okee, sat set jos lah pokok e",,,positif,,,,0,0,1,0,0
"Pelayanan ramah dan cepat, untuk rasa mungkin ini sifatnya subjektif tapi saya kurang suka.",negatif,,positif,,,,2,0,1,0,0
"Tempatnya luas dan nyaman.
Makanannya enak dan harganya terjangkau.
Pelayanannya ramah dan servisnya cepat.
Parkirannya cukup untuk kendaraan roda 2.",positif,positif,positif,positif,,,1,1,1,1,0
"Salah satu tempat makan yang selalu aku datangi ketika habis dari kampus hehe mienya enak , dimsum enak, tempatnya juga bikin nyaman , pelayanan okeee ...",positif,,positif,positif,,,1,0,1,1,0
Rekomendasi banget buat kalian pecinta pedas.  Bumbu dan tekstur mienya mantap betul,positif,,,,,,1,0,0,0,0
"Pelayanan cepat dan tanggap,pemandangan jg bagus",,,positif,positif,,,0,0,1,1,0
Sangat puas dengan pelayannaya dan tempat enak juga,,,positif,positif,,,0,0,1,1,0
"Lokasi bersih, nyaman & sudah berkembang menjadi 2 lantai. HTM 11K
Top 👍 …",,netral,,positif,,,0,3,0,1,0
"Sering promo, enak dan murah.  Ada lantai 2 nya yang comfy",,positif,,positif,,,0,1,0,1,0
Tempatnya bersih dan ramah,,,,positif,,,0,0,0,1,0
"Rasa mie nya enak dan bikin ketagihan, harga bersahabat.",positif,positif,,,,,1,1,0,0,0
Pelayanan sangat baik dan ramah,,,positif,,,,0,0,1,0,0
"Pelayanan cepat, rasa juga enak.",positif,,positif,,,,1,0,1,0,0
"Tempat nya ok, bersih, cuma pas makan disini nda disediakan tisu :(",,,,negatif,,,0,0,0,2,0
Baguss makan juga enak👍 …,positif,,,,,,1,0,0,0,0
Rama pelayanannya dan cepat,,,positif,,,,0,0,1,0,0
"Lumayan enak. Harga terjangkau, pelayan memuaskan",positif,positif,positif,,,,1,1,1,0,0
Ada 2 lantai. Mie nya enak dan porsinya cukup banyak. Sering ada promo,positif,positif,,netral,,,1,1,0,3,0
Kurang stay di meja pemesanan,,,negatif,,,,0,0,2,0,0
"ga pernah bosennnn, makin lama makin enakkkkk🥰 …",positif,,,,,,1,0,0,0,0
"Rasa mie nya enak,pelayanan baik,tempat sangat bagus di temani dengan pemandangan pegunungan Argopuro.",positif,,positif,positif,,,1,0,1,1,0
"Mienya enak, tahu waliknya juga enak. Pelayanannya cepat. Harganya cukup bersahabat.",positif,positif,positif,,,,1,1,1,0,0
Enakk cuma saos dimsumnya kurang banyak aja,negatif,,,,,,2,0,0,0,0
Pelayanan ramah  kebersihan okee👍🏻 …,,,positif,positif,,,0,0,1,1,0
"Sering ngadain promo, harga terjangkau, tipe mie yg sedang, porsi mayan, pedesnya tuh masih bisa dinikmati, pelayanan cepat, ada 2 lantai",positif,positif,positif,netral,,,1,1,1,3,0
"enak, lezat dan bergiji",positif,,,,,,1,0,0,0,0
"rasa tidak berubah dari awal buka, masih sama..dan ada menu baru juga",positif,,,,,,1,0,0,0,0
"Pesan mie, dimsum dan es, masing-masing 3 porsi tapi pas makanan datang pelayan bilang ""dimsum nya nyusul ya kak"" tapi Al hasil di tunggu lama sekali datang nya akhirnya di tanyakan ke salah satu karyawan ternyata masih goreng,",,,negatif,,,,0,0,2,0,0
"""Mie sakera sekarang rasanya beda""",negatif,,,,,,2,0,0,0,0
"Mie nya kl levelnya ga pedes rasanya hambar sedikit asam ya , apa mungkin lidahku aja. Jadi  saran ku mending pesen yg agak pedes atau pedes soale pas makan disini  waktu kpn hr itu, pesen yg gak ada cabe nya sama sekali",negatif,,,,,,2,0,0,0,0
"Soal makanan: buat pecinta makanan gurih ini pas banget sih the best asinnya pas banget. Pedesnya juga lumayan gak ngracunin banget. Tapi dia ga ada sandingan yang manteb kaya pangsit ayam, sosis, atau selada gitu. Es tehnya lumayan gede. …",positif,,,,,,1,0,0,0,0
"Harga murah, pelayanan sangat baik",,positif,positif,,,,0,1,1,0,0
pelayanan bagussss mantappp,,,positif,,,,0,0,1,0,0
Lumayan tapi udah rambutan terlalu kering pas goreng pas di kanan jadi keras,negatif,,,,,,2,0,0,0,0
"Tempat makan mie pedes yg selalu rame, saya pesan yg original cabe 10 dengan harga kalau tdk salah tidak sampai 22K,  sangat terjangkau, mienya termasuk mie kecil yg saya suka  tapi rasa bumbu kurang kuat, jadi agak sedkit hambar, overall kalo cm pengen mau nyobain ok la, taburan ayam lumayan banyak.",negatif,positif,,,,,2,1,0,0,0
"Mie dan beberapa menunya yg saya pesan menurut saya enak, harganya terjangkau, pelayanannya ramah dan cepat.
Masih tetap cita rasa seperti dulu pertama kesini..👍😁 …",positif,positif,positif,,,,1,1,1,0,0
"Beberapa kali makan disini, mungkin pelayannya sdh berubah.. yg menarik adalah, pelayanannya saat ini (25 Sep 2023) kurang senyum (kurang ramah).. pelayannya mungkin sedang sensi karema cuaca panas yaa..",,,negatif,,,,0,0,2,0,0
"Mie nya enak dengan citarasa khas yang unik, cukup pedas cocok sekali buat yang lagi pengen mie pedas tapi maunya gak antri",positif,,,,,,1,0,0,0,0
"Menurutku mienya enak, gak kering, minyaknya pas, dan yang pasti ga lengket/memet. Harganya murah, tempatnya juga lumayan enak, apalagi yg dilantai dua.nya.
Pelayanan bagus dan cepet. Tapi untuk nasi gorengnya aku ga cocok, rasanya enek, dan waktu beli saosnya ga kecampur rata, jadi masih ada nasi yg putih putih.",negatif,positif,positif,positif,,,2,1,1,1,0
"Saran untuk menu udang kejunya sih, untuk adonannya harusnya full daging bukan banyak tepung nya jadi kyak nugget keju🥲🥲 dengan harga 10k berasa makan nugget …",negatif,,,,,,2,0,0,0,0
Makanan okelah. Saya mau komen layanan. Kesini karena mau makan ramen.sampai di kasir tanya ketersediaan katanya ada. Hingga pembayaran selesai fix. Lah terus tiba2 nyamperin ke meja bahwa ramen ga ada terus uang lebihnya dikembalikan. …,netral,,negatif,,,,3,0,2,0,0
"Mie terenak di jember menurutku,
Yg mie goreng. …",positif,,,,,,1,0,0,0,0
Mie yang punya nama khas Madura ini punya varian goreng dan original. Kalau yg original seperti mie pangsit tapi tingkat kepedasannya bisa pilih level dan bisa pilih cabe. Untuk yang varian goreng ya seperti mie jawa begitu ada cita rasa …,netral,,,,,,3,0,0,0,0
"Enak banget , cabenya beneran pedes .cabang mie sakera lain kalok ada promo beli 2 gratis 1 cabenya ga pedes dan mie nya kadang mentah , paling top sakera Jember",positif,positif,,,,,1,1,0,0,0
Enak banget bikin nagih Recommended pokoknya 👍 …,positif,,,,,,1,0,0,0,0
"Mie nya enak, tempatnya nyaman, harga terjangkau",positif,positif,positif,,,,1,1,1,0,0
"Mie pedas asli jember. Tempat bersih dan pelayanan baik.
Mie lumayan enak, dimsum udang keju tapi kejunya gak kerasa. Dimsum siomay lumayan enak.",negatif,,positif,positif,,,2,0,1,1,0
Aku rekomendasiin tempat ini kalau lagi pengen yang pedes. Bagi pecinta pedes cabe 20 recommended buat dicoba. Tapi bagi kalian yang pengen bikin vlog atau lomba makan pedes level 40 jadi rekomendasi buat kalian semua. Yang paling enak adalah versi gorengnya dengan topping sosis,positif,,,,,,1,0,0,0,0
"Mienya enak, banyak
Tapi tempatnya kurang terang/cerah, rasa pedas di tiap level kadang nggak sama, kayak hari ini level tobik udah pedes banget menurut ku, eh minggu depan malah nggk terlalu bagus, but overall good",negatif,,,negatif,,,2,0,0,2,0
"Gak pernah bosen siih sama mie ini. Murah + bikin kenyang. Harganya 10ribuan udah bikin kenyang dg mkn 1 porsi aja.
Minumannya juga aneka siih, ada jusnya juga. Pelayanan ok. Cepat. Thumb up",positif,positif,positif,,,,1,1,1,0,0
"Menyenangkan, suka makannya",positif,,,,,,1,0,0,0,0
"Mienya enak ada beberapa pilihan level pedas, ada juga yang tidak pedas aman buat yang tidak pedas
Ada dimsumnya juga …",positif,,,,,,1,0,0,0,0
"enak kok ini.
mienya banyak. ayam suwirannya banyak. kripik pangsitnya juga banyak.
bisa tambah topping sosis, daging, dll …",positif,,,,,,1,0,0,0,0
"Mienya enak, tersedia mie pedas dengan level yang bisa dipilih boleh juga request cabe. Harganya sekitar 10k tempatnya kecil dan biasanya rame pengunjung",positif,netral,,negatif,,,1,3,0,2,0
"Rasanya lumayan, cabenya bisa menyesuaikan jumlah nya, mie nya lebih banyak di banding mie yg sejenis. Tetapi untuk tempat kurang luas, shngga mudah penuh saat banyak pengunjung.",positif,,,negatif,,,1,0,0,2,0
"Singkat nya..  Mie Sakera itu mie nya agak gedhe..  Enak..  Murmer...  Pedes nya gak banget nget..  Harga juga gak mahal hal. Walau gak ada dimsum,  toppingnya udah bisa mewakili kok.  Daaan yang penting buka sampai malam. ",positif,positif,positif,,,,1,1,1,0,0
"Mie sakera adalah salah satu kuliner yang menyajikan mie pedas dalam berbagai level di kota Jember. Rasanya lumayan, harganya juga terjangkau sekitar 9000-13000. Sayang tempatnya kecil, dan kadang antrian sangat panjang sehingga lama sekali.",positif,positif,,negatif,,,1,1,0,2,0
"Lebih enak daripada mie ""pedes"" yang lainnya. Kurangnya hanya lokasinya yang lumayan jauh dari jangkauan mahasiswa. Tapi overall untuk rasa enak, semoga usahanya semakin berkembang dan bisa membuka cabang yang tempatnya lebih nyaman lagi 😊 …",positif,,,negatif,,,1,0,0,2,0
selalu diberikan kepuasann,,,,,positif,,0,0,0,0,1
Mantap,,,,,positif,,0,0,0,0,1
Ini saya minta jeruk anget bukan panas  tp malah kasih panas dan juga rasanya kecut jeruk nya mohon evaluasi tim nya,negatif,,negatif,,,,2,0,2,0,0
Enak kok cocok sm yg suka pedes,positif,,,,,,1,0,0,0,0
Mienya mantab ada level pedes sesuai yg diinginkan. Harga terjangkau. Service baik dan ramah. Mie cepet mateng gak usah nunggu lama 😀 …,positif,positif,positif,,,,1,1,1,0,0
Enak mie nya apalagi kalau makan di tempat mie nya masih anget wih enak. Level nya juga menyesuaikan jadi pengen pedes bisa ga doyan pedes juga bisa tempat nya juga bersih deket jalan raya ada di aplikasi gojek juga,positif,,,positif,,,1,0,0,1,0
"mie level2 seperti biasanya, tempatnya bagus, pakai bahasa madura, yg ga ngerti mending tanya fulu levelnya hahahaha …",netral,,,positif,,,3,0,0,1,0
"Dari tempat sederhana tapi untuk ukuran tempat makan ya sudah lumayan sih.
Dari segi kebersihan memang bersih dan untuk rasa makanan jangan diragukan lagi terlebih untuk pecinta pedas recommended banget",positif,,,positif,,,1,0,0,1,0
"Banyak opang resto nya sekarang, mau makan sendiri aja di cek ke kasirnya, dikira mau order glab tolong gak berkepentingan jgn masuk, cuk pura2 telpon trus kluar memalukan dasar opang glab, ojek online kok mangkal, wkwkkwk, pasti dah punya nasab opang ya, wkwkwk",,,negatif,,,,0,0,2,0,0
"Udang keju dan udang rambutannya luarnya keras, dalamnya ga fresh kayak bau makanan yang dipanasin. Untuk mienya kembali ke selera masing2",negatif,,,,,,2,0,0,0,0
Rasanya mirip seperti prakarya masak masak anak SMP (ga ngalor-ga ngidul),negatif,,,,,,2,0,0,0,0
"Mi Sakera merupakan salah satu tempat makan mie yang enak di Jember. Kesan pertama masuk sini konsepnya hampir serupa dengan salah satu tempat makan mi terkenal di jember. Namun dari segi harga lebih murah. Untuk rasanya lumayan enak, …",positif,positif,,netral,,,1,1,0,3,0
"Makanannya enak, pelayanan cepat dan ramah, tempatnya bersih",positif,,positif,positif,,,1,0,1,1,0
Tempatnya bagus untuk nongrong  kalok hari biasa tempatnya lumanyan rame jalan dekat unej depan toko bunda tempatnya yang strategis mudah di jumpai dan budah di jangkau oleh semua orang mie di sana enak dan juga ada level-level untuk meinya sendiri,positif,,,positif,,,1,0,0,1,0
"Salah satu abang Kota Jember yang pertama. Tempatnya memang tidak terlalu luas, tapi cukup memadai. Pelayanan baik, dan rasanya lumayan untuk harga yang cukup terjangkau. Cuma perlu ditingkatkan lagi kebersihannya",positif,positif,positif,negatif,,,1,1,1,2,0
Tempatnya sangat luas dan nyaman juga dan disana terdapat banyak menu seperti mie goreng nasi goreng siomay udang rambutan dll pokoknya aku kesini bawaknya pengen di sini terus😆😆😆 dan juga saya juga suka dengan pelayanan nya fast respon dan kasir dan karyawan nya juga ramah thank you mie sakera …,,,positif,positif,,,0,0,1,1,0
"Berlokasi strategis dekat dengan sekolahan dan kampus, harga lumayan terjangkau, mudah terlihat dalam kondisi lalulintas normal maupun padat, jalan menuju lokasi mudah di jangkau baik menggunakan sepedah motor maupun mobil, melayani go food, pembayaran di lakukan di muka",,positif,positif,positif,,,0,1,1,1,0
"Makan enak, nyaman, pegawai juga ramah",positif,,positif,positif,,,1,0,1,1,0
"Mie nya enak, harganya juga terjangkau. Minusnya adalah tempat yang kecil dan minim lahan untuk tempat parkir. Tapi selama ini selalu puas makan disini",positif,positif,,negatif,,,1,1,0,2,0
salah satu tempat makan mie di daerah kampus universitas negeri Jember,,,,netral,,,0,0,0,3,0
"Suka bgt makan disini, walaupun pertama kali nyoba,  langsung sukaa, pas dilidah aku, mie nya bermacam2 level, dg pilihan dimsum yg banyak, bisa pilih mie yg pake kecap atau tanpa kecap, level pedesnya juga bisa milih, ",positif,,,,,,1,0,0,0,0
Tempat nya nyaman dan makanannya enak,positif,,,positif,,,1,0,0,1,0
Enakkk bangetttttt. Yg level sedang pas. Sriusan kagak boong. Cepet juga. Tp tetep anget. Moccanya jga enakk. Murah jg sih. 3 porsi gak nyampe 50 sama minum yg aneh2nya. Cepetan ksini deh 😍 …,positif,positif,,,,,1,1,0,0,0
"Mie Sakera lebih nikmat lagi kalo dimakan ketika perut lapar
Beuuhhh.... Nyaman ongguh..🤤😍😍👍👍👌
Bagi yang ngga suka pedas lebih baik pilih mie Kosot …",positif,,,,,,1,0,0,0,0
"Tempatnya nyaman.
Harga makanannya cukup terjangkau.",,positif,,positif,,,0,1,0,1,0
"Bagus cuyz, ada adzhan lagu yang distel dipause
Sangat toleransi
Untuk menu standar, minus gada sumpit
Tp overall oke banget",netral,,,positif,,,3,0,0,1,0
"Maaf ya owner bintang 3 aja, jam 16.30 sy  order Dsni, minum hnya tinggal teh dan jeruk aja. Tolong ditingkatkan lagi ya soya pelanggan puas. Trmksih",negatif,,negatif,,,,2,0,2,0,0
"Beli ori malah di kasih yg goreng
Hufhh gmna agak kecewa sihh wes langganan padahal",,,negatif,,,,0,0,2,0,0
"Tolong dong kalok lagi promo karyawannya ditambah..
Masak ojol dsuruh nunggu lama..
Kan sangat merugikan salah satu pihak.. …",,,negatif,,,,0,0,2,0,0
"Tempat kotor.
Weiters kurang kesadaran untuk clean up.
Peralatan makan yang tidak lengkap",,,negatif,negatif,,,0,0,2,2,0
"Enak, pedesnya bikin ilang sakit kepala . Torkop top markotop... Kuat setengah porsi aja...",positif,,,,,,1,0,0,0,0
"Suka banget sama mie ini, tapi ini udah kedua kalinya kecewa, sejak pesen melalu aplikasi, udah pesen pakek topping, tapi toppingnya selalu gak ada 😢 …",positif,,negatif,,,,1,0,2,0,0
"Untuk tempatnya bersih, makanannya juga higienis dan enak, apalagi sekarang buka 24jam jadi bisa tuh kalo laper malem"" langsung order",positif,,positif,positif,,,1,0,1,1,0
"Dimsumnya enak udang keju, udang rambutan, lumpia ayam...mienya baik yang original, ato yang goreng enak...😊 …",positif,,,,,,1,0,0,0,0
"Produk Lokal yang patut di coba, Mienya enak variannya cukup, staff perlu mulai dikenalkan standart layanan konsumen yang baik.",positif,,positif,,,,1,0,1,0,0
Enakk tempatnya nyamann,,,,positif,,,0,0,0,1,0
"tempatnya bersih, nyaman, rasa makanan juga enak, terdapat 2 lantai, harga bersahabat. tapi parkiran kendaraan kurang luas dan terlalu mepet di jalan",positif,positif,,negatif,,,1,1,0,2,0
"Harga standart, rasa enak, mienya tidak bikin eneg, sambal bisa menyesuaikan selera",positif,positif,,,,,1,1,0,0,0
"Mienya enak bumbu""nya pas pedenya juga pas minumnya enak murah dpt banyak gk kyk tempat lain deh pokok pas buat kantong ank kos",positif,positif,,,,,1,1,0,0,0
"Resto yg nyaman, menu bnyk pilhan penyajian cepat serta harga ekonomis cocok bagi penggemar mie pedas",netral ,positif,,positif,,,0,1,0,1,0
"mie sakera, pedessah tak kaprah",netral,,,,,,3,0,0,0,0
Tempat bersih dan nyaman yg cocok untuk bersantai bersm keluarga sambil menikmati mie citarasa tinggi dg harga terjangkau,positif,positif,,positif,,,1,1,0,1,0
"Mie nya enak,  jusnya enak + banyak banget dengan harga yg murah!!!!  Recomended banget buat yg suka mie dan pedes2!!!  Jus sirsaknya endeus!!!!!!",positif,positif,,,,,1,1,0,0,0
"Mantappp, harga relatif murah dibanding produk2 mie pedas lainnya dan porsi cukup mengenyangkan",positif,positif,,,,,1,1,0,0,0
Enak.. rame.. cuma kalau salah milihin menu itu sakit hati .. jadi ga begitu selera deh .. menu yang di pilih jadi beda,positif,,negatif,positif,,,1,0,2,1,0
"biasa saja cuma pedes doang, yg seperti mie ini murah ada d baratan arah rembangan cuma 4rb setelah rel kiri jalan",negatif,negatif,,,,,2,2,0,0,0
"PELAYANAN DI SAKERA CABANG JL CENDRAWASIH SANGAT PAYAHH PAYAHHH SEKALI  PELAYANAN LELET
ORDER JAM 18.00 18.25 BELUM DI PROSES PADAHAL KONDISI RESTO SEPI …",,,negatif,,,,0,0,2,0,0
Tempatnya asyik. Makanannya juga enak👍🏻 suka banget dah. Kuy kunjungi.. Dijamin ndak bakal bikin kecewa. …,positif,,,positif,,,1,0,0,1,0
Tempat yg tepat memesan  makanan  cepat  saji,,,,positif,,,0,0,0,1,0
Mantap nih... Kosot sama tepes,positif,,,,,,1,0,0,0,0
Makanannya pedessnyaa polll harga mahasiswa tapii sayang tempatnyaa kecil kadang parkirannya selalu penuh,positif,positif,,negatif,,,1,1,0,2,0
Enakk mantap poll,positif,,,,,,1,0,0,0,0
"Rasa nya lumayan enak,walau pedes masih terasa bumbu nya tapi yg goreng iy bukan yg original",positif,,,,,,1,0,0,0,0
"Tempat makan mie yang bisa request level kepesannya dan mienya enak banget, apa lagi toping ayamnya yang banyak tambah enakkk 😍😍😍 …",positif,,,,,,1,0,0,0,0
Mantap buat pencinta selera pedas..menunya ditambah biar lebih siipp,positif,,,,,,1,0,0,0,0
"Mienya enak, bumbunya sip, pedesnya uwoow, coba aja yg paling level paling tinggi, pasti kerasa 😂 …",positif,,,,,,1,0,0,0,0
"makan kesini jadi pengen joget sakera, mienya pedes mantap sih, tempat ok, tidak ada kuang semua ok. ya not bad",positif,,,positif,,,1,0,0,1,0
"Mie gorengnya enak, porsinya banyak buat aku, tapi tempatnya masih kurang okay sih",positif,,,negatif,,,1,0,0,2,0
"Makanan enak, cuman kesana pas siang jadi panas karena atasnya seng",positif,,,negatif,,,1,0,0,2,0
"Cocok untuk anak muda mudi, yang doyan sekali makan pedas  rasa dan tempat yang kekinian dan hype abis",positif,,,positif,,,1,0,0,1,0
Lumayan cozy. Lt 2 disuguhi view bukti. Ada wifi + pass nya udah dikasi tau. Cocok buat rame2,,,,positif,,,0,0,0,1,0
"Mie nya enak dan harganya terjangkau...
Ada free es teh lo kalo hari jumat",positif,positif,,,,,1,1,0,0,0
"Payah tiap kali beli mie niee gak lengkap
Belinya segimana dapetnya segimana
Payaaah sudah x ke 2 niihhh
👎👎👎👎👎 …",negatif,,,,,,2,0,0,0,0
Pelayanan sangat sopan dan ramah akan tetapi pengantaran pemesanan sangat lama,,,negatif,,,,0,0,2,0,0
"Mienya enak, tempatnya agak panas, harganya tambah mahal, tp enak yaudah beli lg :"")",positif,negatif,,positif,,,1,2,0,1,0
"Tempatnya nyaman, pelayanan memuaskan.",,,positif,positif,,,0,0,1,1,0
"Mantap, recommended, hrg terjangkau, tempat bersih, pelayanan cepat, ramah, ada toilet, tdk tersedia lesehan, lokasi dekat kampus",,positif,positif,positif,,,0,1,1,1,0
Pengen nyoba karena rame...ternyata rasanya biasa saja....tidak ada yang spesial..kurang bumbu..,negatif,,,,,,2,0,0,0,0
"Langganan dsini , suka aja , pelayannya satset bnget, jdi gk lama2 nunggu 👍pertahanin ya mbkee dan mazzeh …",,,positif,,,,0,0,1,0,0
enaksssss mantap mie sakera👍🏻👍🏻 …,positif,,,,,,1,0,0,0,0
"mienya cukup sangat matang, rasanya gurih sedepnga beda dibanding mie sejenis
Enakk",positif,,,,,,1,0,0,0,0
Suka banget sama mie skera tempatnya bagus makann yang disajikan sesuai selera saya,positif,,,positif,,,1,0,0,1,0
"Mie nya enak, ramen juga enak
Lebih suka suasana tempat yg di slawu",positif,,,positif,,,1,0,0,1,0
Pelayanan nya kurang cepat karena untuk pesanan k kasir off line dengan on line d campur gk d pisah dlm artian offline sendiri dan online sendiri,,,negatif,,,,0,0,2,0,0
"Pelayanannya ramah sekali, mie nya ajibb enak banget, dan tempatnya nyaman.",positif,,positif,positif,,,1,0,1,1,0
Terbaik,,,,,positif,,0,0,0,0,1
Salah satu mie favorite dari jaman kuliah,positif,,,,,,1,0,0,0,0
"Waow rame kaum muda mudi, dan yg pasti rasa mie gak tahan pedese broo",positif,,,,,,1,0,0,0,0
"Aneka mie dengan level kepedasan, harga relatif murah, bisa tambah toping, tersedia di layanan gojek dan grab,",positif,positif,positif,,,,1,1,1,0,0
Banyak promonya bikin kembali lg makan d sana tempat sangat nyaman luas bangeeeeeeetzzz,,positif,,positif,,,0,1,0,1,0
Promo Sakera = solusi akhir bulan,,positif,,,,,0,1,0,0,0
"Mie nya Mantep, tempatnya lumayan Dan staff nya ramah... Apalagi deket banget dari kosku😅 …",positif,,positif,positif,,,1,0,1,1,0
Mienya enak pedesnya nampol. Tapi mie gorengnya kok kayak original yaa 🙄 …,positif,,,,,,1,0,0,0,0
Enak mie nya. Sayang saya tidak suka pedas jadi ke sini beli mie kosot (yg tdk pedas) hehe,positif,,,,,,1,0,0,0,0
Enak. Mie gorengnya menurutku paling pas drpd mie goreng di kedai2 mie pedes yg lain.,positif,,,,,,1,0,0,0,0
Cita rasanya cocok sama mie ini. Cuma tempatnya kurang bagus dipake foto,positif,,,negatif,,,1,0,0,2,0
"mie pangsit favorit dengan berbagai level, tempat nongkrong anak muda ...
harga murah meriah",positif,positif,,netral,,,1,1,0,3,0
"Mienya enak, tersedia beberapa level untuk kepedasannya. Recommended banget!",positif,,,,,,1,0,0,0,0
ada macam2 mie pedas. cuman kalau yang mie sakera pedes banget. lebih prefer mie kober atau mie teror,netral,,,,,,3,0,0,0,0
"pelayanan yang ramah dan cepat, siomay ayam dan udang nya layak dicoba",positif,,positif,,,,1,0,1,0,0
"Satu satunya Kedai Mie pedas favorit saya. Cobalah, anda tidak akan kecewa.",positif,,,,,,1,0,0,0,0
"Cukup enak untuk di buat makan siang, karna harganya yang murah dan pelayanannya juga bagus",positif,positif,positif,,,,1,1,1,0,0
"Recommended buat yang selera pedas, apalagi buka 24 Jam. Cocok buat yang malem2 tapi lagi laper.",positif,,positif,,,,1,0,1,0,0
Lumayan lah buat acara makan malam sama teman,,,,positif,,,0,0,0,1,0
mienya enak murah dan bersih,positif,,,positif,,,1,0,0,1,0
"Beli mie 3 pake toping semua, lah yg ada topingnya cuma 2 kan sebel 😑 …",negatif,,,,,,2,0,0,0,0
Baru sekali kesana dan lumayan lah rasanya dan tempat nya,positif,,,positif,,,1,0,0,1,0
"mie kekinian....rasa enak, murah meriah pas dikantong, tmpat nyaman....bisa di pesan di grab food",positif,positif,netral,positif,,,1,1,3,1,0
Mantap pokona mah. Tak ada tandingan nya. Yg lain menang pajak. Paling cocok dari yg paling hits,,,,positif,,,0,0,0,1,0
Enak bersih ramah,,,,positif,,,0,0,0,1,0
Mie nya memang enak dan mantab deh... silahkan coba sendiri,positif,,,,,,1,0,0,0,0
Gak kalah enaknya kok sama mie pedes yg ada di Jember wkwkk,positif,,,,,,1,0,0,0,0
"Porsinya pas, rasanya gak kalah sama mie yang lain. Penyajian juga unik",positif,,positif,,,,1,0,1,0,0
"Selalu enak mienya, sesuai dengan lidah orang² jember rasanya🥰 …",positif,,,,,,1,0,0,0,0
"Enak nyaman mienya pas, dimsumnya juga enak",positif,,,,,,1,0,0,0,0
"Di kota Probolinggo kok di tutup
Kangen mie sakera",,,,,netral,,0,0,0,0,3
"harga murah, rasanya enak banget, kudu banget makan disini",positif,positif,,,,,1,1,0,0,0
Mienya lumayan mungkin tempatnya bisa di beri udara lagi panasnya,positif,,,negatif,,,1,0,0,2,0
"harga terjangkau utk mahasiswa, tempatnya nyaman, untuk rasa bolehlahh dicoba",positif,positif,,positif,,,1,1,0,1,0
"Enak, cocok klo lg malem makan tp pengen yg pedes pedes",positif,,,,,,1,0,0,0,0
"Tempatnya panas bgt.... G nyaman...
Untuk makanan enak lahhh ya....",positif,,,positif,,,1,0,0,1,0
"Tempat mie favorite karna porsi mie.nya banyak, taburan ayam dan kriuk.nya jugak banyak 😍👍 …",positif,,,,,,1,0,0,0,0
Mie yang enak dan rasa berani bersaing dengan warung mie lainnya..,positif,,,,,,1,0,0,0,0
Semakin sip tempatnya n enak buat nongkrong juga sambil makan mie...,,,,positif,,,0,0,0,1,0
Mie gorengnya 👍🏻 Minggu yg lalu beli 2 gratis 1 cocok dikantong …,,positif,,,,,0,1,0,0,0
Cita rasa mie yg memuaskan tapi tidak didukung dengan fasilitas tempat yang memadai,positif,,,negatif,,,1,0,0,2,0
"Tempat bersih, pelayanan cepat",,,positif,positif,,,0,0,1,1,0
"Mie terenak di Jember, es campurnya bikin kenyang
.enak dan g bikin auto miskin",positif,positif,,,,,1,1,0,0,0
"Harga terjangkau, pelayanan cepat, rasanya enak.., apalagi dimsum nya",positif,positif,positif,,,,1,1,1,0,0
mantap bolo,,,,,positif,,0,0,0,0,1
Cocok buat keluarga. Karena mie nya ada yg nggak pedas.,netral,,,,,,3,0,0,0,0
"Mie nya enak, tempatnya ada 2. Diatas dan bawah.",positif,,,netral,,,1,0,0,3,0
"Mie nya enak, cocok buat yang suka makan mie pedas-pedas",positif,,,,,,1,0,0,0,0
Rasanya enak.,positif,,,,,,1,0,0,0,0
"Mantap rasanya, gurih, manis dan pedas bikin nagih disetiap suapan",positif,,,,,,1,0,0,0,0
"Mie nya enak Dan harganya murah, pelayanan okeee👍 …",positif,positif,positif,,,,1,1,1,0,0
Pelayanan cepat dan tepat... Khususnya untuk Delivery Order GOJEK.... mantap,,,positif,,,,0,0,1,0,0
Masakan mie enak dan sesuai dengan keinginan level pedasnya,positif,,,,,,1,0,0,0,0
"Enak lumayan, porsi sedang, kemarin pas antri nggak begitu lama,",positif,,positif,,,,1,0,1,0,0
Pedesnya nyenggrok. Padahal cuma cabe 3. Kurang cocok di lidah saya.,negatif,,,,,,2,0,0,0,0
Mienya orang jember,netral,,,,,,3,0,0,0,0
"Miex enak bkin ketagihan
Mw nanyak Cabang kalisat udah buka blm ya",positif,,,netral,,,1,0,0,3,0
tempat buat menghilangkan stress soalnya pedes banget ya mie nya wkwkwk,netral,,,positif,,,3,0,0,1,0
Enak buat di coba again setelah sekian lama,positif,,,,,,1,0,0,0,0
Pelayanan memuaskan,,,positif,,,,0,0,1,0,0
Salah satu tempat makan bagi penggemar mie. Pedesnya siip.,positif,,,positif,,,1,0,0,1,0
Penasaran sama bisnisnya sahabat kecilku... Sayangnya si owner lagi nggak di tempat,,,,,netral,,0,0,0,0,3
"Mienya enak, setiap hati rame tapi tempatnya agak sempit",positif,,,negatif,,,1,0,0,2,0
Udang rambutannya keras banget...ehmm cukup sekali dah kesana,negatif,,,,,,2,0,0,0,0
"Tempat nya enak yg mau buat santai2,,",,,,positif,,,0,0,0,1,0
"Ini mie pedes yg rasanya konsisten .
Recommended 👍 …",positif,,,,,,1,0,0,0,0
Tempatnya nyaman dn mie nya enak top markotopp👍👍👍 …,positif,,,positif,,,1,0,0,1,0
"Mienya enak, rasa pedesnya bener2 maknyusss",positif,,,,,,1,0,0,0,0
bersih dan cepat saji,,,positif,,,,0,0,1,0,0
"mie nya enak, minuman nya juga segar ..sip 👍👍 …",positif,,,,,,1,0,0,0,0
Mie ala2 kekinian dng rasa yg ala2 jg 😂 …,netral,,,,,,3,0,0,0,0
"Makanannya enak
Pas di lidah
Cocok buat nongkrong",positif,,,positif,,,1,0,0,1,0
Mie nya enak harga pas dikantong mahasiswa,positif,positif,,,,,1,1,0,0,0
Mie dgn berbagai level pedas. Porsinya banyak,positif,,,,,,1,0,0,0,0
Menu variatif. Yg suka pedas cocok banget.,positif,,,,,,1,0,0,0,0
"Mie dg berbagai pilihan level.
Harga merakyat 👍 …",netral,positif,,,,,3,1,0,0,0
masakan mantap dan enak tempat cocok untuk bersantai,positif,,,positif,,,1,0,0,1,0
"Recommended nih rasanya , apa lagi pas ujan ujaan",positif,,,,,,1,0,0,0,0
"Makanan, minuman, dan tempatnya nyaman. Hanya saja kadang agak gerah",positif,,positif,negatif,,,1,0,1,2,0
Uenak,positif,,,,,,1,0,0,0,0
"Tempatnya asik, cocok buat makan bareng gebetan",,,,positif,,,0,0,0,1,0
Mie yg pedasnya super nendang di mulut. Haha,positif,,,,,,1,0,0,0,0
"Hmmm... Penyajian e
Cepat utk driver ojek online",,,positif,,,,0,0,1,0,0
Pokokx enak dek  pelayananx memuaskan saya pokokx siiipdeh,positif,,positif,,,,1,0,1,0,0
"Terlalu banyak penyedap, setelah makan mulut jadi agak sepet",negatif,,,,,,2,0,0,0,0
"tempatnya bagus,bersih,adem dan nyaman di pandang",,,,positif,,,0,0,0,1,0
Mie pedas yg antri selalu ramai pembeli,,,,positif,,,0,0,0,1,0
Makanannya enak si dan lumayan terjangkau harganya,positif,positif,,,,,1,1,0,0,0
Tempat makan mie super pedas yang recommended.,positif,,,,,,1,0,0,0,0
"rempahnya kerasa, mie pedes paling enak di jember",positif,,,,,,1,0,0,0,0
"servis baik dan mienya datang cepat, recomended banget",,,positif,,,,0,0,1,0,0
Cocok untuk tempat nongkrong anak muda berkantong tipis,,,,positif,,,0,0,0,1,0
mantap!! mienya benar2 ciri khas orang madura! mantul!!!,positif,,,,,,1,0,0,0,0
"Mienya enak, murah dan bnyak penikmatnya",positif,positif,,,,,1,1,0,0,0
utuk pencinta mie pedas..Mie sakera cocok untuk yang suka pedas..,positif,,,,,,1,0,0,0,0
"Manajemennya amburadul, ga jelas",,,negatif,,,,0,0,2,0,0
"Tempat nyaman,  mie super enak,  murah",,positif,,positif,,,0,1,0,1,0
Salah satu varian mie pedas terenak di Jember 😍 …,positif,,,,,,1,0,0,0,0
"Mie nya enak
Pelayanan cepat dan ramah",positif,,positif,,,,1,0,1,0,0
Mie nya Mantep Pedasnya.. harga ekonomis...,positif,positif,,,,,1,1,0,0,0
"Kurang cepat pelayanannya tidak sesuai dgn giliran pemesannya,",,,negatif,,,,0,0,2,0,0
"Nyaman dan bersih,tapi tidak ada toiletnya saja yang terlihat",,,,negatif,,,0,0,0,2,0
Lumayan cuma tempatnya kurang luas aja sih,,,positif,negatif,,,0,0,1,2,0
Makan favorit enak pokokya apa lg bareng pasangan,positif,,,,,,1,0,0,0,0
"Lama bgt masaknya, dtg2 dah dingin:(",negatif,,negatif,,,,2,0,2,0,0
Mantaapp💗 pedesnya super uenaakkk …,positif,,,,,,1,0,0,0,0
bumbunya gak pernah berubah mantap,positif,,,,,,1,0,0,0,0
"Lumayan enak, tapi pelayanannya cukup lama",positif,,negatif,,,,1,0,2,0,0
"Kadang ada toping, kadang gak ada toping mohon untuk konsisten dlm pemberian toping",negatif,,,,,,2,0,0,0,0
Tempat bagi orang pecinta mie pedes,positif,,,,,,1,0,0,0,0
"Salah satu mie favorit saya
Kalau bisa di tambahin varian atau toping",positif,,,,,,1,0,0,0,0
Cukuuup enaaak lah. Semoga banyak promonya 😂 …,positif,positif,,,,,1,1,0,0,0
Dengan adanya google maps. Ini semua akan jadi lebih efektif dan efisien,,,,,positif,,0,0,0,0,1
"Makanan yang disajikan enak, tempatnya juga enak.",positif,,,positif,,,1,0,0,1,0
Tempat mie ter favorit💞 …,,,,positif,,,0,0,0,1,0
"Porsi besar, rasa lumayan, pedasnya siip",positif,,,,,,1,0,0,0,0
Mienya rasanya enak dan pedasnya terasa,positif,,,,,,1,0,0,0,0
enak dan praktis,positif,,,,,,1,0,0,0,0
Mienya enak banget,positif,,,,,,1,0,0,0,0
Mie pedes terenak dijember,positif,,,,,,1,0,0,0,0
"Enak mie nya, tapi tempat kurang nyaman",positif,,,positif,,,1,0,0,1,0
Bumbunya kurang kuat,negatif,,,,,,2,0,0,0,0
Mie nya lombok asli pedes,positif,,,,,,1,0,0,0,0
"Lumayan enak,  pedasnya pas,  rekomended",positif,,,,,,1,0,0,0,0
Tempat ini cocok ramai sekali pengunjung milenial,,,,positif,,,0,0,0,1,0
"Rasanya pas dilidah, alangkah baiknya tempatnya jika diperluass..",positif,,,negatif,,,1,0,0,2,0
"pelayanan cepat, cocok buat yg gak sabaran",,,negatif,,,,0,0,2,0,0
"Mienya tebal, kenyal tp tempatnya agak panas",positif,,,negatif,,,1,0,0,2,0
"tiap ke jember,anak mulu maunya kesini...ketagihan nih",,,,positif,,,0,0,0,1,0
"porsi mie nya lumayan banyak, enak juga",positif,,,,,,1,0,0,0,0
Lumayan enak dengan harga yang agak sedikit mahal,positif,negatif,,,,,1,2,0,0,0
Pas banget buat orang yang suka pedes,positif,,,,,,1,0,0,0,0
"mienya murah, enak dan porsinya banyaak",positif,positif,,,,,1,1,0,0,0
Sangat disarankan bagi pecinta kuliner,,,,,positif,,0,0,0,0,1
Buat yang suka pedas sangat cocok nih,positif,,,,,,1,0,0,0,0
Ini tempat yg gg boleh terlewatkan kalo ke jember 💕 …,,,,positif,,,0,0,0,1,0
Pelayananny cpt,,,positif,,,,0,0,1,0,0
"Rasa lumayan, tersedia banyak level kepedasan.",positif,,,,,,1,0,0,0,0
Mie nya enak topping nya banyak 😍 …,positif,,,,,,1,0,0,0,0
Sesuai untuk kamu yang suka makanan pedas,positif,,,,,,1,0,0,0,0
Cukup nyaman tempatnya dan pelayanannya bagus,,,positif,positif,,,0,0,1,1,0
Murah dan lumayan banyak porsinya,positif,positif,,,,,1,1,0,0,0
Pedasnya bikin tambah semangat hidup kembali...,positif,,,,,,1,0,0,0,0
"Mie nya bikin nagih,  pedes pedes enak",positif,,,,,,1,0,0,0,0
"Enak, murah, mienya lumayan banyak.",positif,positif,,,,,1,1,0,0,0
"Porsinya banyak, selalu kekenyangan",positif,,,,,,1,0,0,0,0
Enak dan lumayan nyaman tempatnya.,positif,,,positif,,,1,0,0,1,0
Enak dan terjangkau,positif,positif,,,,,1,1,0,0,0
Tempatnya lumayan nyaman cuman kecil,,,,negatif,,,0,0,0,2,0
Siip bangett pedess nya juga pass,positif,,,,,,1,0,0,0,0
Mie pedes nya nagih,positif,,,,,,1,0,0,0,0
Suka yng goreng.pedesnya Torkop mntapo,positif,,,,,,1,0,0,0,0
Makanan halal dan enak juga bikin nagih😁 …,positif,,,,,,1,0,0,0,0
pelayananya mantap,,,positif,,,,0,0,1,0,0
Rasa tidak mengecewakan walau tempat kecil,positif,,,negatif,,,1,0,0,2,0
Mantab selalu kesini kalo cari mie,,,,positif,,,0,0,0,1,0
Salah satu tempat ngemie yang di rekomendasikan untuk daerah Jember,,,,positif,,,0,0,0,1,0
Mie enak,positif,,,,,,1,0,0,0,0
mie favoritku dan keluarga saat santai,positif,,,positif,,,1,0,0,1,0
Enak sama kek di foto mienya,positif,,,,,,1,0,0,0,0
Cukup bagus dalam pelayanan dan cukup lezat,positif,,positif,,,,1,0,1,0,0
Mi kekinian dengan rasa mak nyus. Cabang dari Kalisat.,positif,,,netral,,,1,0,0,3,0
Mie nya enak bumbunya kerasa,positif,,,,,,1,0,0,0,0
Mantap jaya,,,,,positif,,0,0,0,0,1
Para penikmat mie pedas harus coba,positif,,,,,,1,0,0,0,0
Tempatnya bersih dan makanannya enak,positif,,,positif,,,1,0,0,1,0
Mie ny lumayan enak..,positif,,,,,,1,0,0,0,0
Suka❤️,,,,,positif,,0,0,0,0,1
"mienya mantap, harga bersahabat",positif,positif,,,,,1,1,0,0,0
Cocok untuk pecinta pedas puol...,positif,,,,,,1,0,0,0,0
Mie enak. Harga lumayan lah,positif,positif,,,,,1,1,0,0,0
"Yang suka mie, pedas recomended kesini",positif,,,,,,1,0,0,0,0
Alhamdulillah pengen dateng lagi..,,,,,positif,,0,0,0,0,1
Menunya lucu-lucu guys 😂😂 …,positif,,,,,,1,0,0,0,0
Salah satu rekom Rekom buat pecinta mie,positif,,,,,,1,0,0,0,0
Yaa b aja,,,,,netral,,0,0,0,0,3
Tempatnya enak buat makan,,,,positif,,,0,0,0,1,0
Mie enak dan pedas,positif,,,,,,1,0,0,0,0
Mienya enak,positif,,,,,,1,0,0,0,0
Mie nya mantap bangett..,positif,,,,,,1,0,0,0,0
Rasa joss... Harga Bersahabat bngt,positif,positif,,,,,1,1,0,0,0
Tempat nyaman...cepat pelayanan,,,positif,positif,,,0,0,1,1,0
"Mantap
Kuliner jember emang joss",,,,,positif,,0,0,0,0,1
Mantap pedas nya,positif,,,,,,1,0,0,0,0
Mie nya enak dan murah,positif,positif,,,,,1,1,0,0,0
Porsi puas..rasa mantap,positif,,,,,,1,0,0,0,0
Uenak pedasnya pas.,positif,,,,,,1,0,0,0,0
"Mie enak, dan pelayanan cepat",positif,,positif,,,,1,0,1,0,0
Bikin nagihh,,,,,positif,,0,0,0,0,1
Makanan enak dengan harga murah,positif,positif,,,,,1,1,0,0,0
Mie level2 paling enak di jember,positif,,,,,,1,0,0,0,0
Lumayan buat kantong mahasiswa,,positif,,,,,0,1,0,0,0
Makanannya enak,positif,,,,,,1,0,0,0,0
Murmer,,positif,,,,,0,1,0,0,0
Mie pedas terenak di Jember. Wajib di coba,positif,,,,,,1,0,0,0,0
"Lokasi strategis,tempatnya dingin",,,,positif,,,0,0,0,1,0
Enakk.. Tmpat lumayan nyaman,,,,positif,,,0,0,0,1,0
Lama klamaan tambh berkurang rasanya,negatif,,,,,,2,0,0,0,0
Suka sama mie disini,positif,,,,,,1,0,0,0,0
mantap murah dan enak poool,positif,positif,,,,,1,1,0,0,0
Lumayan lah ...cukup murah juga,positif,positif,,,,,1,1,0,0,0
Mie enak banyak pilihan toping,positif,,,,,,1,0,0,0,0
Mantab,,,,,positif,,0,0,0,0,1
Cocok buat para penikmat pedasss,positif,,,,,,1,0,0,0,0
Tempat nongkrong sambil makan..👍 …,,,,positif,,,0,0,0,1,0
Mantap pedes sa,positif,,,,,,1,0,0,0,0
Harga rumh rasa terjamin,positif,positif,,,,,1,1,0,0,0
Tempat makan favoriiiitttt bareng bestie,,,,positif,,,0,0,0,1,0
Nyaman tidak terlalu antre dan tidak panas,,,,positif,,,0,0,0,1,0
Mie nya kurang empuk,negatif,,,,,,2,0,0,0,0
"Mienya , pedasnya mantap",positif,,,,,,1,0,0,0,0
Top banget pokoknya dahhh,,,,,positif,,0,0,0,0,1
Pelayanan sangat ramah dan cepat,,,positif,,,,0,0,1,0,0
"Enak, murah, porsi banyak",positif,positif,,,,,1,1,0,0,0
"Enak,murah,pedasssss..Yang gorebg recommended..",positif,positif,,,,,1,1,0,0,0
Mantep pedasnya,positif,,,,,,1,0,0,0,0
Enak & murah meriah,positif,positif,,,,,1,1,0,0,0
Masakannya sedap dan nikmat,positif,,,,,,1,0,0,0,0
Enak mie nya dripda GCN,positif,,,,,,1,0,0,0,0
Keren,,,,,positif,,0,0,0,0,1
Tempat yang sangat asri dan penuh kenangan,,,,positif,,,0,0,0,1,0
enakk bro tempatnya nyaman,positif,,,positif,,,1,0,0,1,0
"Nikmat mie nya, pedas nya juara",positif,,,,,,1,0,0,0,0
Pedas nya nampol,positif,,,,,,1,0,0,0,0
Nama menu unik...,positif,,,,,,1,0,0,0,0
Nice sesuai selera,positif,,,,,,1,0,0,0,0
"Pelayanan baik, cepat & ramah",,,positif,,,,0,0,1,0,0
di tingkat kan lagi layanan nya,,,negatif,,,,0,0,2,0,0
Sensasi pedasnya yang menantang,positif,,,,,,1,0,0,0,0
Mie Mantab sekali,positif,,,,,,1,0,0,0,0
cukup bintang telu,,,,,netral,,0,0,0,0,3
Dimsum nya kurang mateng,negatif,,,,,,2,0,0,0,0
Pelayananya bagus,,,positif,,,,0,0,1,0,0
Mie ayam,netral,,,,,,3,0,0,0,0
Pelayananya cepat & ramah,,,positif,,,,0,0,1,0,0
tukang parkir kurang Ramah,,,negatif,,,,0,0,2,0,0
nyaman dan murah meriah,,positif,,positif,,,0,1,0,1,0
Cabang ke situbondo lagi dong🙄 …,,,,netral,,,0,0,0,3,0
Tempatnya kurang luas,,,,negatif,,,0,0,0,2,0
Pedesnya mantap,positif,,,,,,1,0,0,0,0
Porsinya banyak,positif,,,,,,1,0,0,0,0
"Enak, banyak, murah, harus coba",positif,positif,,,,,1,1,0,0,0
Makanan dan tempatnya hebat,,positif,,positif,,,0,1,0,1,0
Enak ....pedesnya,positif,,,,,,1,0,0,0,0
Pedasnya nampol,positif,,,,,,1,0,0,0,0
Biasa bae,,,,,netral,,0,0,0,0,3
Soal rasa masih sama dengan yang lain,netral,,,,,,3,0,0,0,0
Tempatnya nyaman,,,,positif,,,0,0,0,1,0
Mbak mbak kasirnya agak sewot ya,,,negatif,,,,0,0,2,0,0
Pedasnya mantap,positif,,,,,,1,0,0,0,0
Tempatnya perlu di atur ulang,,,,negatif,,,0,0,0,2,0
Lumayan toping kurang pas,negatif,,,,,,2,0,0,0,0
Ini tempatnya di sebelahnya gemato,,,,netral,,,0,0,0,3,0
Belum pernah coba,,,,,netral,,0,0,0,0,3
Pedasnya mantaaaap.,positif,,,,,,1,0,0,0,0
pelayanan mantap,,,positif,,,,0,0,1,0,0
Pelayanan lumayan bagus,,,positif,,,,0,0,1,0,0
enak bangets,positif,,,,,,1,0,0,0,0
terlalu lama,,,negatif,,,,0,0,2,0,0
Mantap 👍💪👍 Pedasnya …,positif,,,,,,1,0,0,0,0
Enak dan mudah di jangkau,positif,,,positif,,,1,0,0,1,0
"Ramai, penyajian juga cepat",,,positif,,,,0,0,1,0,0
Mie idola nih,positif,,,,,,1,0,0,0,0
Mie nya manteb,positif,,,,,,1,0,0,0,0
Menu sakerado nya juara,positif,,,,,,1,0,0,0,0
Enak enak enak,positif,,,,,,1,0,0,0,0
gak kalah sama kober,,,,,positif,,0,0,0,0,1
Versi gak antri dari kober,,,netral,,,,0,0,3,0,0
Rasanya sedikit kurang pas,negatif,,,,,,2,0,0,0,0
"Biasa saja, tidak ada yang istimewa",,,,,netral,,0,0,0,0,3
pelayanan kurang baik,,,negatif,,,,0,0,2,0,0
Sesuai dengan map,,,,,netral,,0,0,0,0,3
Favorit kalau malam,,,,positif,,,0,0,0,1,0
Pelayanan cepat dan baik,,,positif,,,,0,0,1,0,0
"Mie tapok, nyaman",netral,,,positif,,,3,0,0,1,0
Tempat bersih dan nyaman,,,,positif,,,0,0,0,1,0
Higienis dan harga terjangkau,,positif,,positif,,,0,1,0,1,0
Sip enak dan praktis,positif,,,,,,1,0,0,0,0
Mantap... Bozzzz..... 👍👍👍👍😂😂😂 …,,,,,positif,,0,0,0,0,1
Bersih nyaman dan murah,,positif,,positif,,,0,1,0,1,0
not bad lah 😅 …,,,,,netral,,0,0,0,0,3
Makin asik tempat nya,,,,positif,,,0,0,0,1,0
Pelayanan baik,,,positif,,,,0,0,1,0,0
Pokoke recomended,,,,,positif,,0,0,0,0,1
Makan mie dulu,netral,,,,,,3,0,0,0,0
Tempat y nyaman,,,,positif,,,0,0,0,1,0
Pas porsinya,positif,,,,,,1,0,0,0,0
Tetap enak dari dulu,positif,,,,,,1,0,0,0,0
Bagus cepat dan hemat,,positif,positif,,,,0,1,1,0,0
Masnya ganteng :v,,,,,positif,,0,0,0,0,1
Boleh dicoba utk keluarga,,,,positif,,,0,0,0,1,0
Ngemie enak,positif,,,,,,1,0,0,0,0
Destinasi pertama mie mie an,,,,netral,,,0,0,0,3,0
Lumayan lah,,,,,positif,,0,0,0,0,1
enak mantab,positif,,,,,,1,0,0,0,0
Sesuai ekpetasi kita,,,,,positif,,0,0,0,0,1
Bikin kangen rasanya,positif,,,,,,1,0,0,0,0
Bagus bersih,,,,positif,,,0,0,0,1,0
Ya mantap lahh,,,,,positif,,0,0,0,0,1
Mantap...,,,,,positif,,0,0,0,0,1
Mie pedas,netral,,,,,,3,0,0,0,0
Enak + murah,positif,positif,,,,,1,1,0,0,0
Mantap nih,,,,,positif,,0,0,0,0,1
Mantab jaya,,,,,positif,,0,0,0,0,1
favorit!,,,,,positif,,0,0,0,0,1
Antri dulu...,,,netral,,,,0,0,3,0,0
Mantab..,,,,,positif,,0,0,0,0,1
Mantap 👍 …,,,,,positif,,0,0,0,0,1
Mantap jeketi,,,,,positif,,0,0,0,0,1
Mie terlalu lembek,negatif,,,,,,2,0,0,0,0
Tempat baru renovasi,,,,netral,,,0,0,0,3,0
Enak tenan,positif,,,,,,1,0,0,0,0
Enak...,positif,,,,,,1,0,0,0,0
"Bersih, cepat",,,positif,positif,,,0,0,1,1,0
Mantep,,,,,positif,,0,0,0,0,1
Rasany enak,positif,,,,,,1,0,0,0,0
Ramah & cepat,,,positif,,,,0,0,1,0,0
Lumayan puas,,,,,netral,,0,0,0,0,3
Mantul😊😊😁 …,,,,,positif,,0,0,0,0,1
Endessss mie levelnya,positif,,,,,,1,0,0,0,0
"Tempat nyaman,",,,,positif,,,0,0,0,1,0
Mie mantap,positif,,,,,,1,0,0,0,0
Mantap sukses,,,,,positif,,0,0,0,0,1
Mantul bgt,,,,,positif,,0,0,0,0,1
Biasa saja,,,,,netral,,0,0,0,0,3
Spicy Noodle in Jember,netral,,,,,,3,0,0,0,0
Oke,,,,,positif ,,0,0,0,0,0
Bak so solo,,,,,netral,,0,0,0,0,3
Banyak varian,positif,,,,,,1,0,0,0,0
Kasir ramah,,,positif,,,,0,0,1,0,0
Mantab abisss,,,,,positif,,0,0,0,0,1
Mantap👍👍👍 …,,,,,positif,,0,0,0,0,1
Luar biasa,,,,,positif,,0,0,0,0,1
Layanan Prima,,,positif,,,,0,0,1,0,0
Mantul,,,,,positif,,0,0,0,0,1
"Enakk, bersih, ekonomis",positif,positif,,positif,,,1,1,0,1,0
Nyaman,,,,positif,,,0,0,0,1,0
Sukses,,,,,positif,,0,0,0,0,1
Sempit,,,,negatif,,,0,0,0,2,0
Joss,,,,,positif,,0,0,0,0,1
Siip,,,,,positif,,0,0,0,0,1
Mantapp,,,,,positif,,0,0,0,0,1
Seru,,,,,positif,,0,0,0,0,1
Istimewa,,,,,positif,,0,0,0,0,1
Bagus,,,,,positif,,0,0,0,0,1
Pedas,netral,,,,,,3,0,0,0,0
Pedes mantab,netral,,,,,,3,0,0,0,0
Mantapppp,,,,,positif,,0,0,0,0,1
Bikin ketagihan,,,,,,,0,0,0,0,0
Enak parah,positif,,,,,,1,0,0,0,0
Uenak polll,positif,,,,,,1,0,0,0,0
Muantab sip sip suuuip,,,,,positif,,0,0,0,0,1
Rasanya endhees,positif,,,,,,1,0,0,0,0
sangat bagus,,,,,positif,,0,0,0,0,1
Recomended,,,,,positif,,0,0,0,0,1
hot,,,,,netral,,0,0,0,0,3
Kepedesan maknyus,positif,,,,,,1,0,0,0,0
Sip,,,,,positif,,0,0,0,0,1
Mantapsssssss,,,,,positif,,0,0,0,0,1
Oke guyyys,,,,,positif,,0,0,0,0,1
menyenangkan,,,,,positif,,0,0,0,0,1
Mayan enaq,positif,,,,,,1,0,0,0,0
Maknyuuuuuus,,,,,positif,,0,0,0,0,1
Mie nya enak,positif,,,,,,1,0,0,0,0
mantap mienya,positif,,,,,,1,0,0,0,0
"mantap banget best untuk mie sakeranya,semoga semakin sukses",positif,,,,,,1,0,0,0,0
the best bgt untuk mie sakral ini,,,,,positif,,0,0,0,0,1
Mienya berubah tidak seperti dulu,negatif,,,,,,2,0,0,0,0
"Salah satu tempat makan pedas yang sedang hits di Jember. Tersedia 2 jenis mi (original dan goreng) dengan 5 level kepedasan, serta jus dan milkshake untuk minuman.",netral,,,positif,,,3,0,0,1,0
Coba Mie Sakera. Original. Kapan kamu coba 40 cabainya?,netral,,,,,,3,0,0,0,0
"Rasa mi-nya enak, bumbunya meresap sempurna sehingga rasanya tidak hambar. Kamu bisa request tingkat kepedasannya. Pelayanannya bagus, tempatnya juga bersih.",positif,,positif,positif,,,1,0,1,1,0
"Rasanya enak, dan pedasnya seimbang,",positif,,,,,,1,0,0,0,0
"Mienya enak banget, salah satu tempat favoritku 🍝 …",positif,,,positif,,,1,0,0,1,0
"Mie nya enak, gak cuma pedas...luar biasa",positif,,,,,,1,0,0,0,0
"Mie ala ala modern dengan tema madura yang sangat istimewa, jika anda ingin menyantap mie sakera",netral,,,positif,,,3,0,0,1,0
Layanan Luuaama sejak pengembangan,,,negatif,,,,0,0,2,0,0
Yang terbaik😍 …,,,,,positif,,0,0,0,0,1
Nyamnyam,,,,,netral,,0,0,0,0,3
"Kamu suka bumbunya, kamu pasti suka ini. Menurutku makanan mereka enak, sama seperti merek lainnya, haha.",positif,,,,,,1,0,0,0,0
Enak,positif,,,,,,1,0,0,0,0
Yang terbaikkkkkk 👍🏻👍🏻👍🏻 …,,,,,positif,,0,0,0,0,1
Enak tapi porsinya kecil,negatif,,,,,,2,0,0,0,0
"Cukup berharga.. Sayangnya, mereka menyajikan makanan mereka seperti mereka hidup selamanya",,,,,netral,,0,0,0,0,3
Miexnya yang enak bikin ketagihan mie sakera,positif,,,,,,1,0,0,0,0
"Mie Sakera, mie dengan banyak tingkat kepedasan.",netral,,,,,,3,0,0,0,0
Sepadan,,,,,positif,,0,0,0,0,1
Pedes ampus.. Di mana? Aku tak bisa melupakannya,netral,,,,,,3,0,0,0,0
Mie Nampol pedas,netral,,,,,,3,0,0,0,0
Mie pedas terenak di kota 🤤 …,positif,,,,,,1,0,0,0,0
"Makanan enak, suasana nyaman.",positif,,,positif,,,1,0,0,1,0
"Nyaman, pedas, promo lgi",netral,positif,,positif,,,3,1,0,1,0
Saya sangat bahagia.,,,,,positif,,0,0,0,0,1
kata lain,,,,,netral,,0,0,0,0,3
Wenak,positif,,,,,,1,0,0,0,0
Mie sake pedas lezat.,positif,,,,,,1,0,0,0,0
"Makanan enak, rasanya lezat.",positif,,,,,,1,0,0,0,0
Tidak panas,,,,,negatif,,0,0,0,0,2
Mie sake markotop teratas,positif,,,,,,1,0,0,0,0
Bagus.,,,,,positif,,0,0,0,0,1
Yang terbaiktttttttttttttt,,,,,positif,,0,0,0,0,1
Pria kita,,,,,netral,,0,0,0,0,3
Ada banyak minyak :))),,,,,negatif,,0,0,0,0,2
Tidak buruk sama sekali,,,,,positif,,0,0,0,0,1
Jose Gandos,,,,,positif,,0,0,0,0,1
Mienya nyaman banget..,positif,,,,,,1,0,0,0,0
Joss Gandos,,,,,positif,,0,0,0,0,1
FAVORIT!!!,,,,,positif,,0,0,0,0,1
Jajak pendapat pejalan kaki,,,,,netral,,0,0,0,0,3
Kehilangan,,,,,netral,,0,0,0,0,3
Joos,,,,,positif,,0,0,0,0,1
siiip,,,,,positif,,0,0,0,0,1
"Rasa pedas, rasa enak,",positif,,,,,,1,0,0,0,0
Enaaaaaa,positif,,,,,,1,0,0,0,0
Jika,,,,,netral,,0,0,0,0,3
Enakakk,positif,,,,,,1,0,0,0,0
Yaaaaa,,,,,positif,,0,0,0,0,1
Sippy,,,,,positif,,0,0,0,0,1
Lezaaat,positif,,,,,,1,0,0,0,0
Yammie,positif,,,,,,1,0,0,0,0
kaki,,,,,netral,,0,0,0,0,3
Wow,,,,,positif,,0,0,0,0,1
mama saya Kepedesen.,netral,,,,,,3,0,0,0,0
Bisa,,,,,netral,,0,0,0,0,3
Sipppp,,,,,positif,,0,0,0,0,1
Seperti,,,,,positif,,0,0,0,0,1
Aku menyukainya,,,,,positif,,0,0,0,0,1
Lumyan,,,,,positif,,0,0,0,0,1
Bgauss,,,,,positif,,0,0,0,0,1
JOOSSS,,,,,positif,,0,0,0,0,1
Favorit jeh,,,,,positif,,0,0,0,0,1
bsjanab,,,,,netral,,0,0,0,0,3
Lezat,positif,,,,,,1,0,0,0,0
Sangat direkomendasikan,,,,,positif,,0,0,0,0,1
kepingan,,,,,netral,,0,0,0,0,3
Ya.....,,,,,netral,,0,0,0,0,3
Ini menjadi lebih baik,,,,,netral,,0,0,0,0,3
menyesap,,,,,netral,,0,0,0,0,3
Direkomendasikan,,,,,positif,,0,0,0,0,1
Miranda Amirmahmut,,,,,netral,,0,0,0,0,3
Monica menyukainya,,,,,positif,,0,0,0,0,1
mie asli!,netral,,,,,,3,0,0,0,0
Aplikasi Mmannta,,,,,netral,,0,0,0,0,3
Jajak pendapat Pudees,,,,,netral,,0,0,0,0,3
Tempat yang bagus,,,,positif,,,0,0,0,1,0
Saya minta maaf.,,,,,netral,,0,0,0,0,3
adalah mie sakera terbaik,,,,,positif,,0,0,0,0,1
"Tempanya luas, parkiran juga luas,
Parkiran speda dan mobil. …",,,,positif,,,0,0,0,1,0
Suka banget makan di mie sakera. Harganya terjangkau rasanya joss. Cobain semua dimsumnya deh enakk dan ndaging banget❤️ Tapi tipe dimsumnya bukan dominan rasa udang yaaa lebih dominan di rasa ayamnya. Ukurannya juga gede2 dan menul2. …,positif,positif,,,,,1,1,0,0,0
"Mie kosot gorengnya oke, udang kejunya oke, layanannya cepat kurang dari 10 menit saat dine in, ramah, tempat luas ada indoor dan outdoor",positif,,positif,positif,,,1,0,1,1,0
"Pelayanan ramah, menu nya oke.. tempat yg nyaman buat makan bersama teman atau keluarga",,,positif,positif,,,0,0,1,1,0
"Mie Sakera

Tempat makan olahan mie dengan tingkatan level pedas yang berbeda dengan cita …",netral,,,,,,3,0,0,0,0
"Tempatnya keren, strategis dipinggir jalan raya, bagus & bersih. Pelayanan baik, ramah & gercep. Parkiran lumayan luas, ada toilet & free wifi. Harga terjangkau. …",,positif,positif,positif,,,0,1,1,1,0
"Enak poll
Mie Favorit dari Jaman Masuk SMK sampai punyak anak",positif,,,,,,1,0,0,0,0
Trimakasih mie sakera saya dari dulu langganan mie sakera dan saya menemukan tempat mie sakera di gebang slawu yg pelayananya ramah sekali dari kasirnya juga ramah dan pinter menawarkan sampai saya habis banyak kalo boleh tau kasirnya mirip artis penyanyi Deny caknan sekilas trimakasih mie sakera cabang slawu✅,,,positif,positif,,,0,0,1,1,0
"Pelayanan bagus, tempatnya juga bagus bersih, menu²nya enak²",positif,,positif,positif,,,1,0,1,1,0
"Tempatnya nyaman sekali, betah banget kalau misal dine in disini karena; tempat parkir luas, tempat makannya luas, dekorasi cantik, dan outdoor. Untuk pelayanannya lumayan cepat, packing rapi dan diberi tanda tiap kemasan. …",,,positif,positif,,,0,0,1,1,0
"Tempat lumayan luas, menu mie-miean, dimsum, tahu walik, minuman panas/dingin, dls, pelayanan cukup ramah.
Parkir untuk mobil cukup 3-4 plus motor.",netral ,,positif,positif,,,0,0,1,1,0
Kak aku saranin kasirnya yg gemuk itu kak yg kayak Deni caknan soalnya lemah lembut ngomong nya apalgi pinter nawarinya dan ramah ke customer pelayanan nya cepat dan enak makanannya Apalagi lagi kalo live seru itu anaknya trimakasih kakak semangat 😍 …,positif,,positif,,,,1,0,1,0,0
"Pelayanannya cepat dan ramahhh, Mie nya enak polll, Tempatnya nyaman bisa untuk makan bersama dan juga teman, dan Parkirannnya luasss.👍 …",positif,,positif,positif,,,1,0,1,1,0
"Mie nya enk, dan juga menu"" nya enk bangetttt, pelayanannya cepat dah ramah, tempatnya bersih dan juga bisa buat makan sama keluarga / temannn.🤗👍 …",positif,,positif,positif,,,1,0,1,1,0
"Hi para pecinta mie pedas jember, yang suka nya memburu mie pedas ber-level2 , ini adalah tempat yang yang harus kamu kunjungi   karena rasanya mantaapp dan bisa request topping sesuka kalian. Selain itu nama2 level nya lucu banget …",positif,,,positif,,,1,0,0,1,0
"Tempatnya pas d depan perumahan bernadyland deket smp7 gebang poreng
Suasana nyaman , …",,,,positif,,,0,0,0,1,0
"tempatnya lebih luas dan bagus disini, desainnya bagus dan interiornya sip, ada toilet, sayangnya tempat bagus tapi belum ada wifi. hehe. pelayanannya ramah dan super cepet, teh angetnya pas kesana lumayan dingin pas disajikan, overall tetep enak banget rasa mie nya. tempat parkir luas dan bikin kendaraan gak kepanasan",negatif,,positif,positif,,,2,0,1,1,0
"tempat bagus, harga juga aman di dompet, layanan baik, rasanya juga jangan ditanya pastinya enak wajib cobain guys buruan",positif,positif,positif,positif,,,1,1,1,1,0
"Kemarin baru pertama kali nyobain mie sakera karena penasaran cerita dari temen-temen kampus suruh nyobain, karena aku sama temen termasuk yang suka kuliner pedes. …",netral,,,,,,3,0,0,0,0
tukang parkirnya tidak ramah sama sekali saya tandai org nya gemuk pake odeng dan ada jenggotnya tidak senyum sama sekali terus pas saya mau nyebrang tidak di bantu sama sekali padahal saya bayar parkir loh,,,negatif,,,,0,0,2,0,0
"pelayanannya sangat baik, karyawan disana juga ramah"", untuk hidangan yg saya coba hampir seluruhnya enakkk, worth it sii untuk kita",positif,,positif,,,,1,0,1,0,0
"Makanan enak, tempat bersih bikin nyaman
Pelayanan juga oke cepett gak perlu nunggu lama",positif,,positif,positif,,,1,0,1,1,0
"Beli 2 langsung dapet bonus, yang satu ada rambut yg satunya tusuk gigi eh kek mana ini, gimana klo kemakan itu ???
Kacau parah sih ini",,,negatif,,,,0,0,2,0,0
Buat yang suka mie pedes pedes dan harga terjangkau. Enak porsi cukup bikin kenyang,positif,positif,,,,,1,1,0,0,0
"Pelayanannya cepat,mie nya enak bgt pas pedesnyaa,Selalu langganan disini😍sukses terus mie sakera🤩 …",positif,,positif,,,,1,0,1,0,0
"Langganan dari jaman maba 2018, di mana lg coba 18.000 bisa makan mie, dimsum & minum selain di Sakera (harga promo)😂 mie nya enak, rasanya tetep kayak dulu, porsinya banyaaakk, tempatnya yg di slawu adem karena semi outdoor😍 tp minus …",positif,,,positif,,,1,0,0,1,0
"Pelayanan cepat dan crew nya ramah ramah sekali🥰
Semoga kedepanya semakin maju dan buka cabang disumberbaru🤗 …",,,positif,positif,,,0,0,1,1,0
"tempatnya baguss, ada outdoor sm indoor nyaa jadi bisa ngerasain dingin AC dan angin alami😁. pelayanannya juga ramah&bagus👍🏻👍🏻 …",,,positif,positif,,,0,0,1,1,0
Bagus banget makanannya juga enak!! Suka sekalii paling enak di datangi waktu hujan2 karna mienya anget+ga ngebosenin,positif,,,,,,1,0,0,0,0
Mie pedes di Jember yg paling aku dan keluarga ku suka. Krna rasanya yg khas. Sakera slawu ini bestt pelayanannya dan tempatnya bersihhhh. Sukses selalu yaa mie sakera,positif,,positif,positif,,,1,0,1,1,0
"Sorry untuk rasa tetep kalah dr merk tetangga :( padahal keknya dulu enak pas nyoba yg di danau toba
Tempat luas, tp musik yg diplay engga bgtt dangdutan ga jelass
Kirim kritik & saran lewat wa, malah jd dispam marketing mulu",negatif,,negatif,negatif,,,2,0,2,2,0
"Tempat nya nyaman dan bersih pelayanan sangat ramah, makanan nya juga fresh dan sangat enak 🤍 …",positif,,positif,positif,,,1,0,1,1,0
"mas masnya bersih bersih seolah olah nyruh kita cepet cepet pulang, kan bisa si beres beres nanti kalo kita uda pulang",,,negatif,,,,0,0,2,0,0
Tambah enak mienya. Apalagi mie kotsu kuahnya enak. Tempatnya luas bersih. Pelayanan satset,positif,,positif,positif,,,1,0,1,1,0
"Pelayanan nya cepat, mie nya enak juga gak beda jauh sama gacoan 😊😊 …",positif,,positif,,,,1,0,1,0,0
"Kenapa suasana saya kasih Bintang 1.?

Karena musiknya terlalu keras, …",,,,negatif,,,0,0,0,2,0
Tempatnya nyaman poll dan pelayanan nya ramah. Makanan enak sekali. Best bgttt,positif,,positif,positif,,,1,0,1,1,0
makananya enak sekali tempatnya juga nyaman,positif,,,positif,,,1,0,0,1,0
mie nya enak dan mantap pelayanannya ramah dan cepat🤙🏻 …,positif,,positif,,,,1,0,1,0,0
"layanan super baikkk, karyawannya ramah semua, saya sangat meriview kan tempat ini karna emg pelayanannya yg sangat baguss dan hidangannya yg super enak",positif,,positif,,,,1,0,1,0,0
"pelayanannya ramah dan cepat👍,tempatnya bagus & bersih,tempat parkirnya luas👍👍 …",,,positif,positif,,,0,0,1,1,0
Tempatnya nyaman. Makannya enak dan pelayannya super baik,positif,,positif,positif,,,1,0,1,1,0
"Mie-nya enak, pedasnya pas! Cocok buat yang suka sensasi pedas tapi tetap nikmat.",positif,,,,,,1,0,0,0,0
"Mohon maaf banget. Ini review jujur.
Tolong perbaiki resep mie dan dimsum, esnya oke. Mienya oke, tapi bumbunya tolong cari ciri khas. Rasanya seperti makan mie goreng pakai sambal tomat. 🍅 …",negatif,,,,,,2,0,0,0,0
"Tempatnya nyaman dan bersih, pelayanan baik dan ramah",,,positif,positif,,,0,0,1,1,0
"Kesini bersama teman  teman kampus. Tempatnya bersih
Staf nya ramah dan sopan semua",,,positif,positif,,,0,0,1,1,0
"Asiik tempatnya longgar, buat ketemuan santai yg gak banyak ngobrol, sebab musiknya kencang banget dangdut campursari, pop housemusik.",,,,positif,,,0,0,0,1,0
"Mie enak, untuk pedas level satu sangat mantap dan pedas sekali",positif,,,,,,1,0,0,0,0
mie sakera gk ada lawan best poll😻pelayannya juga oke banget🥰 …,positif,,positif,,,,1,0,1,0,0
pelayanan nya ramah dan mau menolong customer nya thanks 🙏🏻🙏🏻 …,,,positif,,,,0,0,1,0,0
"mienya enak gurih, kasirnya ramah, pelayanannya lumayan cepet",positif,,positif,,,,1,0,1,0,0
"mie nya enak poll, pelayanannya juga cepat ramah, suasananya juga nyaman",positif,,positif,positif,,,1,0,1,1,0
"Mie nya enak, pelayanan nya cepat dan ramah, tempat nya  bagusss🫵🏻 …",positif,,positif,positif,,,1,0,1,1,0
"pelayanan ramah
cepat
rasanya tambah enak",positif,,positif,,,,1,0,1,0,0
"Enakk bangettt si di sini, ada ruang AC nya juga. Pelayanannya juga ok.",,,positif,positif,,,0,0,1,1,0
"senauh ini waktu saya beli masii aman kok, best bgt🫶🏻 …",,,,,positif,,0,0,0,0,1
Rasa selalu terbaik dan tempat makan enak ber AC,positif,,,positif,,,1,0,0,1,0
"tempatnya enak ada AC nya, pelayanan bagus cepat",,,positif,positif,,,0,0,1,1,0
Tempatnya nyaman bersih,,,,positif,,,0,0,0,1,0
"Pelayanan ramah dan cepat gak nunggu lama
Rasa juga oke sipp",positif,,positif,,,,1,0,1,0,0
"Pelayanan nya cepet, kasirnya ramah,makanannya juga enak",positif,,positif,,,,1,0,1,0,0
"Parkiran cukup luas, tempat juga nyaman, pelayanan baik,",,,positif,positif,,,0,0,1,1,0
suka sama makanannya dan pelayanannya baik,positif,,positif,,,,1,0,1,0,0
"Makanan enak, tempatnya nyaman",positif,,,positif,,,1,0,0,1,0
Pelayanannya baik dan makanannya enakk👌 …,positif,,positif,,,,1,0,1,0,0
Bagus udah ada ruang tertutup juga ada ac nya,,,,positif,,,0,0,0,1,0
Bagus lah.  Ransaya enak.. Restoran mie khas madura..      pelayan x ramah2.,positif,,positif,,,,1,0,1,0,0
"Tempat bersih, nyaman, estetik dan pelayanannya gercep",,,positif,positif,,,0,0,1,1,0
lebih baik udang kejunya pake keju yg lumer,negatif,,,,,,2,0,0,0,0
Pelayanan cepat🤗tempatnya bersih ada AC nya juga 🤗 …,,,positif,positif,,,0,0,1,1,0
"Mantaapp betuullll
Rasanya enak
Mie goreng pes tepes",positif,,,,,,1,0,0,0,0
pelayanannya cepat tempatnya bersih nyaman,,,positif,positif,,,0,0,1,1,0
Sudah 2×pesen mie tepes(pedas ringan)malah lebih pedes dari level5,negatif,,,,,,2,0,0,0,0
"enak banget mie nyaa, pelayannya juga baik",positif,,positif,,,,1,0,1,0,0
"mie sakera tempatnya nyaman, pelayanan ramah bintang 5 dech buat mie sakera",,,positif,positif,,,0,0,1,1,0
"rasanya pas bgt, pelayanannya juga cepet dan ramah bgt🫰😍 …",positif,,positif,,,,1,0,1,0,0
pelayanan dan makanannya mantapp sukaa🤩 …,positif,,positif,,,,1,0,1,0,0
"Dari semua outlet, di sini doang yang paling enak rasa nya",positif,,,positif,,,1,0,0,1,0
Tempat nyaman dan makanan nya rekomended,positif,,,positif,,,1,0,0,1,0
"Pelayanannya cepat,dan rasanya mantul 😋 …",positif,,positif,,,,1,0,1,0,0
sangatt review bangettt orang disini juga ramah ramahh,,,positif,,,,0,0,1,0,0
Mienya enak porsinya banyak dan pelayananya ramah,positif,,positif,,,,1,0,1,0,0
"Suka banget sama mie nya,kapan"" kesitu lagi",positif,,,,,,1,0,0,0,0
"mie nya enakkk , pelayanan nya cepat juga ramah",positif,,positif,,,,1,0,1,0,0
"Tempatnya bagus, pelayanannya ramah& cepat",,,positif,positif,,,0,0,1,1,0
"pelayanannya bagus bgt,tempatnya bersih",,,positif,positif,,,0,0,1,1,0
"Mie enak, ada level pedas. Mie goreng, mie original, tersedia ramen juga. Temoat nyaman, sangat cocok untuk nongkrong",positif,,,positif,,,1,0,0,1,0
"Pelayanan ramah dan cepat
Tempat bersih dan nyaman",,,positif,positif,,,0,0,1,1,0
10 rb dapetnya seabrek.. Kenyang..  Tempatnya luaaaaaas cozy dan ramah pelayannya..  Mantaap,positif,netral,positif,positif,,,1,3,1,1,0
"Pelayanan gercep, cepat gaperlu nunggu lama 😍 …",,,positif,,,,0,0,1,0,0
"pelayanan rama²
mie nya enak",positif,,positif,,,,1,0,1,0,0
Pelayanannya baik pertahankan lagi,,,positif,,,,0,0,1,0,0
"Untuk tempat bersih , nyaman , Pelayanan mantap,  selalu menjadi langganan dimana pun sakera berada 🤩🤩 …",,,positif,positif,,,0,0,1,1,0
Pelayanan cepat dan ramah allhamdulilah makin langganan,,,positif,,,,0,0,1,0,0
"Suasana terbuka, rasa mienya enak.",positif,,,positif,,,1,0,0,1,0
pelayanan cepat makanannya recommended,positif,,positif,,,,1,0,1,0,0
Pelayanannya sangat bagus dan cepat,,,positif,,,,0,0,1,0,0
"worthit best, tmpat nya aesthetic+nyaman poll",,,,positif,,,0,0,0,1,0
Mantap banget. Tempat juga nyaman,,,,positif,,,0,0,0,1,0
Pelayanannya mantep banget👍 …,,,positif,,,,0,0,1,0,0
"Pelayanan ramah, tempatnya juga okee, untuk hidangan makanannya enak gurih gurih asin 🤤 …",positif,,positif,positif,,,1,0,1,1,0
pelayanannya sangat baikkk,,,positif,,,,0,0,1,0,0
mienya enak pelayanannya ramah,positif,,positif,,,,1,0,1,0,0
"Makanan enak, tempatnya bersih",positif,,,positif,,,1,0,0,1,0
pelayanan cepat dan ramah,,,positif,,,,0,0,1,0,0
"tempatnya strategis, enak untuk nongkrong",,,,positif,,,0,0,0,1,0
"Makanan enak harga, bersahabat tempat cukup luas",positif,positif,,positif,,,1,1,0,1,0
"Mienya enak kenyal teksturnya juga enak, pedesnya oke, layanannya ramah cepet juga cuma ntah karena aku pertama kali makan mie sakera dan gatau ini di cabang slawu aja atau semuanya, suasananya sangat nggak nyaman dengan musik full bass, …",positif,,positif,negatif,,,1,0,1,2,0
Menu makanan enak dan banyak pilihan additional... Tempat juga sangat luas,positif,,,positif,,,1,0,0,1,0
pelayanannya cepat mantull pokoknya👍👍 …,,,positif,,,,0,0,1,0,0
"Mantaap pelayanannya ramah ,menunya lengkap dan rasanya luaar biasa enak,parkiran luas...dimsumnya mantaap..krezz diluaar empuuk didalam...n",positif,,positif,positif,,,1,0,1,1,0
"Tempat enak, makanan enak🤟 …",positif,,,positif,,,1,0,0,1,0
enakk harga nya murah worth it,positif,positif,,,,,1,1,0,0,0
"Jangan Salah Pilih Untuk Ngopi
Karena Tempat Istimewa Itu Berasal Dari Hati
#Datang Kesini Nikmati Hidup bersama Dia …",,,,positif,,,0,0,0,1,0
"Pelayanan mantap, tempat luas cocok buat acara keluarga",,,positif,positif,,,0,0,1,1,0
"Mantap mienya, ada banyak pilihan level pedas,paling kecil level 5,ada juga buat yg tidak suka pedas, pilihannya ada yg original / goreng, toping banyak ada udang rambutan,  udang keju, siomay, dll di jual terpisah, es campurnya mantap, tempatnya bagus untuk kongkow sama teman, keluarga, bisa di coba",positif,,,positif,,,1,0,0,1,0
"Pelayanan lama, rasa sama dengan mie2 pedas yg lain.",positif,,positif,,,,1,0,1,0,0
"Menunya enak enak tapi sayang bikin nya lama bgttt kurang karyawan,,tempatnya juga bersih tapi panas apalagi suara soundnya haduhh keras bgtttt maaf",positif,,negatif,positif,,,1,0,2,1,0
Pelayanan ramah tempat bagus😎 …,,,positif,,,,0,0,1,0,0
Pelayanan nya bagus dan cepat,,,positif,,,,0,0,1,0,0
Pelayanan sangat cepat,,,positif,,,,0,0,1,0,0
"Kalau kesini lebih sering pesan mie ramen, karena saya suka mie yang berkuah, dan untuk rasa dijamin enak kuahnya medhok banget dan juga ada potongan daging ayam ditambah lagi sambal nya yang sangat pedas, untuk tempat lumayan nyaman karena juga ditemani iringan musik, dan pelayanan nya juga cepat mas nya ramah semua",positif,,positif,positif,,,1,0,1,1,0
"Tukang parkirnya maksaan, mintanya 2k di kasi 1k marah marah gaboleh keluar, anehhh, mines banget nih kalo makanan enak tapi parkirnya yang kaya gini, bikin pengalaman berkunjung males, masalah 1k cuma itu mengganggu banget asli.",positif,negatif,negatif,,,,1,2,2,0,0
Cozy buat bareng temn ataupun sendiri👍 …,,,,positif,,,0,0,0,1,0
Always ada promo akhir bulan. Crowdednya wajar. Apalagi sekarang ada ruangan ber ac nya. Tambah nyaman,,positif,,positif,,,0,1,0,1,0
"Pedesnya banyak..! Siomay nya enak,,",positif,,,,,,1,0,0,0,0
"Senang sih karena warung mie sakera semakin dekat dengan tempat tinggal saya.
Biasanya dulu harus ke Jl. Danau Toba dulu tiap mau beli mie sakera level torkop. Sekarang sudah buka cabang di Slawu. …",,,,positif,,,0,0,0,1,0
"Tempatnya nyaman, parkiran lumayan luas, penataan aesthetic, yang pasti mienya enak! tingkat kepedasan bervariasi, camilannya worth banget buat dicoba, enak-enak, dan yg pasti juga harganya terjangkau",positif,positif,,positif,,,1,1,0,1,0
Parkiran luas. Tempat makan juga luas. Utk rasa pedes lgsg level terendah 5cabe. Bagi org yg ga terlalu suka pedes tp pengen pedes 5cabe agak menyiksa sih. Better dr level rendah 2cabe dst.,netral,,,positif,,,3,0,0,1,0
"pelayanan lamaaaaaa dateng duluan malah orang lain yang di layanin dulu,udah bilang kalo bungkus malah di bilang makan sini hm",,,negatif,,,,0,0,2,0,0
Layanan memuaskan,,,positif,,,,0,0,1,0,0
"Harga murmer 20 rb udh dpt mie dimsum sama es teh, mie nya overall paling enak dibanding mie pedes2 yg lain",positif,positif,,,,,1,1,0,0,0
Pelayan baik dan cepat👍🏻 …,,,positif,,,,0,0,1,0,0
"pelayanan burukkk
msk smpk nunggu setengah jam belom selesai jugaa
padahal dlm keadaan sepi",,,negatif,,,,0,0,2,0,0
Langganan hampir tiap hari ksini,,,,,positif,,0,0,0,0,1
Tempat nya nyaman,,,,positif,,,0,0,0,1,0
"Tempat luas, mie enak, pelayanan ramah",positif,,positif,positif,,,1,0,1,1,0
Layanan terbaik bangettt😋😋😋😋 …,,,positif,,,,0,0,1,0,0
"Baru pertama beli mie sakera slawu gk ada garpunya/alat makan parah, saya sering beli yg di mie sakera danau Toba gk pernah kecewa,ini saya makan di alun2 Jember bingung mau makan pakai apa",,,,negatif,,,0,0,0,2,0
"Cabang mie sakera yang ada diseberang pintu masuk bernady land
Pelayanan ramah dan cepat, taste nendang ala madura
Mantab",positif,,positif,,,,1,0,1,0,0
"Tempat makan mi level level tanpa takut dengan nama makanan yg mengandung unsur menakutkan, rasa minya enak, harga sangat ramah dikantong",positif,positif,,,,,1,1,0,0,0
Porsi dan bumbu nya okeee,positif,,,,,,1,0,0,0,0
"Parkiran luas, aman.
Pelayanannya ramah dan cepat.
Tempat bersih, luas dan view bagus.
Boleh kesini deh, cobain mienya.",,,positif,positif,,,0,0,1,1,0
"Tempat ya ok
Cmn kebersihannya kurang …",,,,negatif,,,0,0,0,2,0
Tempatnya bikin betah 😄 …,,,,positif,,,0,0,0,1,0
Nungguin 4 mie goreng sampe 1 jam 😓 …,,,negatif,,,,0,0,2,0,0
"Mie gorengnya lumayan enak, tapi ramennya sedengan. Es campurnya lumayan, ada topping es krimnya",positif,,,,,,1,0,0,0,0
"Tempat nyaman..
Untuk rasanya, biasa saja..",netral,,,positif,,,3,0,0,1,0
"Tempatnya bersih, harga dan rasa cocok di lidah, yg paling penting deket dari rumah sayah",positif,positif,,positif,,,1,1,0,1,0
"Pelayanan bagussss, harga terjangkau",,positif,positif,,,,0,1,1,0,0
"Nyaman banget, apa lagi pas makan malem, udara n suasananya beda..
cocok buat ngedate maupun rame* dgn keluarga",,,,positif,,,0,0,0,1,0
"Cabang Mi Sakera yang terbaik di jember, parkir luas, bersih, resto juga tertata rapi, ada live music juga...",,,,positif,,,0,0,0,1,0
"Pelayanan ramah tp masih ecek2 nih, Masih maghrib tapi air putih aja ga ada. Es jeruk ga ada. Adanya minuman sasetan. Bikin ilfeel",,,negatif,,,,0,0,2,0,0
Tidak terlalu rame tapi pelayanan lama....,,,negatif,,,,0,0,2,0,0
Saya nyoba yang level 20. Pulang klenger. Pedes banget. Istri sy sampai nangis setelah makan mie,negatif,,,,,,2,0,0,0,0
"Pelayanannya baik, pelayannya ramah dan sopan. Porsi mienya juga banyak banget, saya sampe kekenyangan.... hehehe",positif,,positif,,,,1,0,1,0,0
Pesen mie 4 porsi kok dingin semua? Pdhl baru pesen. Mohon lebih ditingkatkan lagi pelayanannya,negatif,,negatif,,,,2,0,2,0,0
luar biasa Indonesia raya,,,,,positif,,0,0,0,0,1
Punya 2 rasa.... Goreng n original siap buat d santap.... Apa lagi pecinta pedas... Mantep,positif,,,,,,1,0,0,0,0
Bagus sekali tempat ny luas parkiran aman dan makanan enak,positif,,,positif,,,1,0,0,1,0
"Semoga ramai
Padahal enak dan vibe nya juga enak",positif,,,positif,,,1,0,0,1,0
Tempatnya nyaman dah luas jadi enak untuk makan sambil bersantai,,,,positif,,,0,0,0,1,0
Sip lah... Mie nya enak dan kekinian... Tempat nyaman dan parkir luas....,positif,,,positif,,,1,0,0,1,0
"Tempatnya bagus, rapi, menarik & asyik buat berkumpul dengan teman, sahabat & sanak saudara.",,,,positif,,,0,0,0,1,0
"Makanan lumayan enak, tempat bagus, dan pelayanannya cepat. Sayangnya banyak nyamuk",positif,,positif,positif,,,1,0,1,1,0
"nyaman, tenang, nikmat..",,,,positif,,,0,0,0,1,0
Makanan enak juga,positif,,,,,,1,0,0,0,0
"Nyaman tempatnya, enak dan terjangkau makananya.",positif,positif,,positif,,,1,1,0,1,0
"Kalo selera saya sih enak, pelayanannya udh lama jadi lupa..",positif,,negatif,,,,1,0,2,0,0
Tempat parkir ada space sendiri jg g repot dg kendaraan yg lalu lalang...,,,,positif,,,0,0,0,1,0
untuk take away ga dikasih alat makan!!! kata mas kasir ga ada.. tolong di tingkatkan lg,,,negatif,,,,0,0,2,0,0
makanannya enakk,positif,,,,,,1,0,0,0,0
"Aku kasih bintang 3 dulu, karna aku rasa masih ada yang kurang di bandingkan tempat yg di mastrib",,,,,netral,,0,0,0,0,3
Kurang cakcek pelayan banyak berguraw sesama teman nya,,,negatif,,,,0,0,2,0,0
Mantab joss lurr 👍 …,,,,,positif,,0,0,0,0,1
"Favorit Mimin juga, enak makan di lantai 2, sambil liat View ke arah lereng Argopuro",,,,positif,,,0,0,0,1,0
"tempat parkir luas, makanan minuman nya enak",positif,,,positif,,,1,0,0,1,0
Ya lumayan lah ya.. Cuma kurang d topingnya aja.. Masak toping nya harus beli lain🥴 …,negatif,,,,,,2,0,0,0,0
"ramen jadi menu baru di sana.
rasa enak sesuai harga",positif,,,,,,1,0,0,0,0
Makanannya murah dan enak. Dengan suasana tempat yg homie banget.,positif,positif,,positif,,,1,1,0,1,0
"Kuliner mie pedas, tempat nyaman parkiran luas rasa mantap",positif,,,positif,,,1,0,0,1,0
Bakalan ngiler KLO GK nyobain miy sakera. Namanya aja udh miy sakera. Di jamin mantul....👍 …,positif,,,,,,1,0,0,0,0
"Tempatnya menarik, buat yg hoby makan pedas. Apalagi disaat musim hawa dingin.",,,,positif,,,0,0,0,1,0
wenakkk bangetttt,positif,,,,,,1,0,0,0,0
"Tempat makan luas , parkiran luas, tempat strategis di patrang",,,,positif,,,0,0,0,1,0
"Mie nya enak , gurihh ,",positif,,,,,,1,0,0,0,0
Pelayanan baikk,,,positif,,,,0,0,1,0,0
enak mantap,positif,,,,,,1,0,0,0,0
"tempatnya lebih luas dari mie sakera yg lain, suasananya santai, tempatnya bersih",,,,positif,,,0,0,0,1,0
"Pelayanan bagus
Pegawai juru parkir jujur",,,positif,,,,0,0,1,0,0
Mie pedas yang harganya terjangkau. Sekarang dilengkapi dengan menu dimsum 😆 …,netral,positif,,,,,3,1,0,0,0
kasirnya kurang ramah,,,negatif,,,,0,0,2,0,0
Menu mie ramen yg paling favorit dikeluarga,positif,,,,,,1,0,0,0,0
"Yg bikin indah bukan tempatnya, temen makan bareng di tempat ini yg indah ihiw",,,,netral,,,0,0,0,3,0
tempat nyaman. pelayanan cepat. ramah... rekomended banget...,,,positif,positif,,,0,0,1,1,0
"Semua makanannya enak, tempatnya bersih, banyak promo2nya",positif,positif,,positif,,,1,1,0,1,0
Mienya enak dan menu minumannya juga enak dengan harga terjangkau,positif,positif,,,,,1,1,0,0,0
Tempatnya nyaman dibanding cabang yg satunya 😅 …,,,,positif,,,0,0,0,1,0
"Tempat luas makanan enak, nyaman dan parkirnya luas",positif,,,positif,,,1,0,0,1,0
Tempat bersih & bagus serta pelayanannya cepat,,,positif,positif,,,0,0,1,1,0
Tempatnya bersih enak buat makan,,,,positif,,,0,0,0,1,0
"Mie enak, cuma gak ada kursi untuk bayi",positif,,,negatif,,,1,0,0,2,0
Alhamdulillah tidak pedas seperti yang lainnya cabe 5.,positif,,,,,,1,0,0,0,0
Tempat nya enak. Menunya juga enak2,positif,,,positif,,,1,0,0,1,0
"Enak, dan gak terlalu rame yg dsni",,,,positif,,,0,0,0,1,0
Anter orderan langsung cuzz Mie Sakera,,,,,positif,,0,0,0,0,1
Tmptny luas lbh enak dan kesanny mewa,,,,positif,,,0,0,0,1,0
"Yang suka pedes,cocok deh disini huha banget",positif,,,,,,1,0,0,0,0
Tempatnya bagus banget kayak restoran,,,,positif,,,0,0,0,1,0
Lelet/lemot kayak gak ada gairah kerja,,,negatif,,,,0,0,2,0,0
Enak dan murah. Topping nya banyak bener,positif,positif,,,,,1,1,0,0,0
Lumayan lah. Harga murah. Dan tempat bersih.,,positif,,positif,,,0,1,0,1,0
Es buahnya sudah tidak seperti pertama kali buka,negatif,,,,,,2,0,0,0,0
Bagus. Enak. Mantap,positif,,,positif,,,1,0,0,1,0
Resto gak jelas,,,,,negatif,,0,0,0,0,2
Mantab mie nya,positif,,,,,,1,0,0,0,0
"Mie nya enak, banyak level pedasnya",positif,,,,,,1,0,0,0,0
Makanan enak sekali,positif,,,,,,1,0,0,0,0
Mienya enak dengan harga terjangkau,positif,positif,,,,,1,1,0,0,0
Pelayan cepat,,,positif,,,,0,0,1,0,0
Kesananya karna gratisan jadi enakkk bangett,positif,,,,,,1,0,0,0,0
Mantap mienya pulen,positif,,,,,,1,0,0,0,0
Harga merakyat tooooppp,,positif,,,,,0,1,0,0,0
Suasana yg beda dengan tempat yg lain,,,,positif,,,0,0,0,1,0
tempat yg nyaman,,,,positif,,,0,0,0,1,0
Makanannya cepet,positif,,,,,,1,0,0,0,0
Pedasnya mantab,positif,,,,,,1,0,0,0,0
Mienya mantap,positif,,,,,,1,0,0,0,0
Pelayanannya cepat,,,positif,,,,0,0,1,0,0
Lumayan lah.,,,,,netral,,0,0,0,0,3
Mienya lumayan. Enak,positif,,,,,,1,0,0,0,0
"Tempat mengabdi
Tempat segudang ilmu",,,,netral,,,0,0,0,3,0
"Enak,deket pusat kota..",positif,,,positif,,,1,0,0,1,0
Murah meriah,,positif,,,,,0,1,0,0,0
Asik dan pelayanan ramah,,,positif,,,,0,0,1,0,0
Mantap tenan...,positif,,,,,,1,0,0,0,0
"Mantul, tempat nyaman",,,,positif,,,0,0,0,1,0
Mie sakera nikmat rasanya,positif,,,,,,1,0,0,0,0
Mie nya mantepp,positif,,,,,,1,0,0,0,0
Lumayan,,,,,netral,,0,0,0,0,3
Lumayan enek,negatif,,,,,,2,0,0,0,0
pedes level 20,netral,,,,,,3,0,0,0,0
Tutup,,,,,netral,,0,0,0,0,3
mantao,,,,,positif,,0,0,0,0,1
Pedes mantulllll....👍👍👍👍 …,positif,,,,,,1,0,0,0,0
Pedasssss,netral,,,,,,3,0,0,0,0
Mantabbbb,,,,,positif,,0,0,0,0,1
Suka,,,,,positif,,0,0,0,0,1
Mantul👍👍👍 …,,,,,positif,,0,0,0,0,1
Mantappu,,,,,positif,,0,0,0,0,1
lama,,,,,negatif,,0,0,0,0,2
"Tempatnya bagus, recomended buat picinti pidis",,,,positif,,,0,0,0,1,0
Aku tidak tahu.,,,,,netral,,0,0,0,0,3
Sangat banyak pelanggan.,,,,netral,,,0,0,0,3,0
Terbaiktttttt,,,,,positif,,0,0,0,0,1
sangat cepat,,,positif,,,,0,0,1,0,0
Lebih baik dari tetangganya. Menu sama tapi lebih baik.,positif,,,,,,1,0,0,0,0
Favorit selevel Mie 🔥 …,positif,,,,,,1,0,0,0,0
Enaaak,positif,,,,,,1,0,0,0,0
Mantap!! Cocok untuk pecinta mi!,positif,,,,,,1,0,0,0,0
"Tempat yang bagus, makanan yang enak",positif,,,positif,,,1,0,0,1,0
Hidangan utamanya enak sekali 🤤 …,positif,,,,,,1,0,0,0,0
Apa itu?,,,,,netral,,0,0,0,0,3
Mie Pedas Spesial👍 …,positif,,,,,,1,0,0,0,0
Bagus😍 …,,,,,positif,,0,0,0,0,1
"Rasa mienya enak, walaupun pedes tapi rasanya tidak pait. Mienya masih terasa gurihnya. Tempatnya bersih dan juga luas. Pelayannya juga ramah.",positif,,positif,positif,,,1,0,1,1,0
"Pelayanan ramah,makanan enak sippp mantul",positif,,positif,,,,1,0,1,0,0
"Pelayanan nya ramah,rasa mie nya mantul .. joss jiis tenan  pokok wkwkw",positif,,positif,,,,1,0,1,0,0
"Pelayanan oke, mas nya ramah""😍 …",,,positif,,,,0,0,1,0,0
Pelayanannya sangatt ramah dan sering sekalii promonyaa 🥰🥰 …,,positif,positif,,,,0,1,1,0,0
"Penyajian makanan cepat dan mas""nya ramah",,,positif,,,,0,0,1,0,0
"Sangat puas dengan pelayanannya+ makanannya (mie sakera).🤩💯👍
Soal rasa terjamin 😋
Harganya terjangkau bett ...
Pokoknya the best bngt lahh 🔥👏🥳🥳 …",positif,positif,positif,,,,1,1,1,0,0
"Mie nya enak, cocok dilidah anak muda maupun orang tua. Ada beberapa varian level kepedasan. tempatnya tenang, nyaman dan romantis.",positif,,,positif,,,1,0,0,1,0
Tempatnya enak dan sejuk,,,,positif,,,0,0,0,1,0
"pelayanannya ramah, lingkungannya bersih, makanannya juga enak",positif,,positif,positif,,,1,0,1,1,0
Mantap bosku,,,,,positif,,0,0,0,0,1
"Sukaa banget sama pelayanan yang hari ini , pelayan nya ramah banget , penyajian makanan cepat , intinya bestt banget dehh",,,positif,,,,0,0,1,0,0
Pelayanan dan kceptan bagus dalam melayani dan mie nya juga enak 👍 mantap dah buat sakera …,positif,,positif,,,,1,0,1,0,0
Suka sma mienya enak pelayanan.a jgk baguss sat set pokok.a mantul dehhh mienya 👍👍👍 …,positif,,positif,,,,1,0,1,0,0
"overall is very good, but my favorite is udang keju and udang rambutan. pelayanannya bagus bgt",positif,,positif,,,,1,0,1,0,0
pelayanan ramah mie nya enak maknyus sip,positif,,positif,,,,1,0,1,0,0
"Mienya mantapp gurih
Pelayanannyaa jugak cefattt",positif,,positif,,,,1,0,1,0,0
"Mie nya enak sip
Tempat nya nyaman
Mantap buat sakera arjasa",positif,,,positif,,,1,0,0,1,0
"Tempat nya nyaman banget, ada taman2 gitu, udang keju, lumpia ayamnya enak banget
Pelayanannya ramah, full senyum, cepat lagi.",positif,,positif,positif,,,1,0,1,1,0
"Makanannya enak banget recomaded banget ,tempatnya bersih juga dan pelayanannya ramah🤗 …",positif,,positif,positif,,,1,0,1,1,0
"harga mienya terjangkau dan rasanya enak, pelayanannya sangat ramah.",positif,positif,positif,,,,1,1,1,0,0
"Pelayanan ramah puooll, rasa juga nampoll beut, the best laahh🥰 …",positif,,positif,,,,1,0,1,0,0
"Makanannya enak
Pelayanannya ramah",positif,,positif,,,,1,0,1,0,0
"Aseli enak mie tepes ori cabe 5, sedepnya mantepppp",positif,,,,,,1,0,0,0,0
"mie originalnya enak, kalau mi gorengnya mungkin sedikit diperbaiki di bumbunya aja",negatif,,,,,,2,0,0,0,0
Makanannya enak layanannya cepat dan ramah,positif,,positif,,,,1,0,1,0,0
Makanannya enak terjangkau harganya dan pelayanannya baik,positif,positif,positif,,,,1,1,1,0,0
"Mas2nya ramah2, pelayanannya cepat
Mie dan dimsumnya enak2",positif,,positif,,,,1,0,1,0,0
"Pelayanan yg cukup memuaskan dari segi apapun, termasuk hidangan dll.",,,positif,,,,0,0,1,0,0
"Mie nya enakk
Pelayanannya cepat
Mas"" nya ramah",positif,,positif,,,,1,0,1,0,0
"Pelayanan cepat,pegawainya ramah"",mie.nya enak",positif,,positif,,,,1,0,1,0,0
Makanannya enak ramah juga,positif,,positif,,,,1,0,1,0,0
"rasa pedasnya ngena banget,mie nya enak dan teksturnya pas",positif,,,,,,1,0,0,0,0
enakk ihhh pelayanan ny super duper ramahh,positif,,positif,,,,1,0,1,0,0
"Enak bangetttt, pelayanannya bagusss",positif,,positif,,,,1,0,1,0,0
Mie nya Mak nyuss enak banget wkwk,positif,,,,,,1,0,0,0,0
Uang kembalian tidak diberikan karena sy tinggal mindah mobil. Saya suruh anak sy yg tungguin kembalian mas nya malah bilang ga ada. Gak jujur banget. Kalo tanggung jawab tolong kirim email ke sy,,,negatif,,,,0,0,2,0,0
"Pelayanannya cepat dan ramah
Makanan 5
Layanan 5
Suasana 5",positif,,positif,positif,,,1,0,1,1,0
"mie nya enak poll, tempatnya juga nyaman",positif,,,positif,,,1,0,0,1,0
tempat nya luas dan enak sih recommended banget,,,,positif,,,0,0,0,1,0
"Tempatnya luas, pelayanannya cepat.",,,positif,positif,,,0,0,1,1,0
"enak, mas nya baik. oke mantap",,,positif,,,,0,0,1,0,0
"Lumayan, enak kok. Porsinya juga banyak, isian dimsumnya lembut banget",positif,,,,,,1,0,0,0,0
pelayanan ramah dan memuaskan,,,positif,,,,0,0,1,0,0
"Pelayanan nya bagus dan ramah
.",,,positif,,,,0,0,1,0,0
Recomen banget buat makan di tempat🤩 …,,,,positif,,,0,0,0,1,0
Mie nya sangat enak sangat recomen😇 …,positif,,,,,,1,0,0,0,0
"ENAK POLL , SELALU ADA PROMO, MIE LANGGANAN SI , BINTANG 5 POKOKE🌟🌟❗ …",positif,positif,,,,,1,1,0,0,0
Makanannya enak dan pelayanannya bagus,positif,,positif,,,,1,0,1,0,0
Pelayanannya ramah banget,,,positif,,,,0,0,1,0,0
"Pelayanan satset, tadi aku nyoba kari ramennya mantap",positif,,positif,,,,1,0,1,0,0
"Jos buat sakera Arjasa
Mie nya mantap",positif,,,,,,1,0,0,0,0
Mie Sakera Arjasa joss,positif,,,,,,1,0,0,0,0
Pelayanan ramah sekali,,,positif,,,,0,0,1,0,0
ubur ubur ikan lele makanannya enak lee,positif,,,,,,1,0,0,0,0
Mantap sesuai harga,netral,,,,,,3,0,0,0,0
Makannya enak polll,positif,,,,,,1,0,0,0,0
"Pengalaman pertama kali Makan mie dicabang Arjasa ini, pelayanannya super ramah , suasananya nyaman.kalo bisa jual kerupuk juga, pencinta kerupuk soalnya 🤗 …",netral,,positif,positif,,,3,0,1,1,0
Mie sama dimsum nya enak bgttt,positif,,,,,,1,0,0,0,0
"Mie, dimsum, dan semua menunya enakkk 🔥🔥🔥 …",positif,,,,,,1,0,0,0,0
"Pelayanannya ramah , dan cepat",,,positif,,,,0,0,1,0,0
"Rasa makanan ya enak, cocok di aku wkwk. Harga cukup terjangkau. Suasanya cukup nyaman. Tempat parkir aman lah. Thank you.",positif,positif,,positif,,,1,1,0,1,0
Mantap mie.nya,positif,,,,,,1,0,0,0,0
Tempat nya nyaman dan juga mas²nya Ramah banget,,,positif,positif,,,0,0,1,1,0
mienya enakkk 👍🏾 …,positif,,,,,,1,0,0,0,0
"Enak, murah....",positif,positif,,,,,1,1,0,0,0
Semua karyawan ramah,,,positif,,,,0,0,1,0,0
Pelayanan nya oke .. Dan utk makanan recomended siii hrga nya receh dong yaa .. Hayuuk gass ke Mie Sakera Arjasa jember 😍 …,,positif,positif,,,,0,1,1,0,0
"Keasinan, rasanya beda sm yg di Danau Toba",negatif,,,,,,2,0,0,0,0
"Hambar gk ada rasa, gk seperti yg di kalisat apalagi dimsumnya",negatif,,,,,,2,0,0,0,0
Pelayanan nya mantap,,,positif,,,,0,0,1,0,0
Pelayanan bagus,,,positif,,,,0,0,1,0,0
pelayanan yang baik,,,positif,,,,0,0,1,0,0
Pelayanan nya cepat Ramah .makan nya enak .,positif,,positif,,,,1,0,1,0,0
Mienya enk,positif,,,,,,1,0,0,0,0
"Mamntaap pedhes nya ,cuman disini mie paling terenak dijember dibandingkan produk mie level yang lain👍 …",positif,,,,,,1,0,0,0,0
Penyajian dan pelayanannya cepat😊 …,,,positif,,,,0,0,1,0,0
"Enak suka ramen karinya, mantaaaap.

Ramen katsunya juga enak. Istri beli itu kemarin.",positif,,,,,,1,0,0,0,0
terenak mantap,positif,,,,,,1,0,0,0,0
Enak pol mienya,positif,,,,,,1,0,0,0,0
Pelayanan cepat harga terjangkau,,positif,positif,,,,0,1,1,0,0
Sangat senang,,,,,positif,,0,0,0,0,1
"Pelayanan dan penyajian cepat, ada parkir motor 1000",,netral,positif,,,,0,3,1,0,0
Pelayanannya ramah,,,positif,,,,0,0,1,0,0
makanan enak,positif,,,,,,1,0,0,0,0
"Rekomended untuk makan,terbaik",positif,,,,,,1,0,0,0,0
Arjasa the best,,,,positif,,,0,0,0,1,0
Suka pelayanan nyaaa,,,positif,,,,0,0,1,0,0
Sangat bagus.,,,,,positif,,0,0,0,0,1
Terbaik🫶 …,,,,,positif,,0,0,0,0,1
stabil,,,,,netral,,0,0,0,0,3
semuanya sempurna,,,,,positif,,0,0,0,0,1
"Tempat yang bagus, makanan yang enak.",positif,,,positif,,,1,0,0,1,0
Mie pedas spesial 👍 …,positif,,,,,,1,0,0,0,0
"tempatnyaa nyaman,pelayanannya jugaa baguss ramahh semuaa,sukakk pokonyaaa🤍 …",,,positif,positif,,,0,0,1,1,0
"Pelayanannya sangatt baik, makanannya enakk banget. Rekomendasi buat kalian yang pecinta mie.",positif,,positif,,,,1,0,1,0,0
Mantap. Menunya lengkap. Untuk Kalisat ini Mie paling worth it sejauh ini,positif,,,,,,1,0,0,0,0
"Tempatnya nyaman,menunya lengkap, pelayanannya juga ramah bagus pokoknya buat nge date bareng ayang atau besti🤗 …",netral,,positif,positif,,,3,0,1,1,0
Sangat enak sekali aku suka aku suka sangat ramah semua sangat bersih tempatnya pelayanannya rapi sama ganteng juga,,,positif,positif,,,0,0,1,1,0
"Tempatnya nyaman, personilnya ramah semua, mulai dari tukang parkir sampai personil yg melayani juga ramah sekali, menunya enak banget, cocok untuk gen Z yg mau ngedate😜 …",positif,,positif,positif,,,1,0,1,1,0
"Tempatnya nyaman banget, astetik, adem, cocok buat aku yg suka Selfi"" 🤭 …",,,,positif,,,0,0,0,1,0
layanan sangat ramah dan sjiannya bagus dan mi nya enak banget mantap poll😀😀 …,positif,,positif,,,,1,0,1,0,0
Ok suasana enak pelayanan ramah makanannya wort it juga,positif,,positif,positif,,,1,0,1,1,0
"Makanan enak , pedes nampol pelayanan bagus
Tempat juga nyaman ada yang Ber ac",positif,,positif,positif,,,1,0,1,1,0
"Istimewa semua dari tempat, rasa, pelayanan, harga dan semuanya. Tempat langganan tiap akhir bulan",positif,,positif,positif,,,1,0,1,1,0
saya sangat senang makan di Sakera bersama teman saya karna makanannya harganya terjangkau pas dikantong pelajar.,,positif,,,,,0,1,0,0,0
"Tektur mie lembut, pedesnya nampol banget, untuk lokasi Oke, sayangnya yg didalem AC nya mati, over all mantep...",positif,,,negatif,,,1,0,0,2,0
"Enak
Penyajian cepat, suasana nyamam",positif,,positif,positif,,,1,0,1,1,0
"Tempatnya bersih, pelayanannya ramah dan cepat👍 …",,,positif,positif,,,0,0,1,1,0
"Mie sakera kalisat tempat yang paling Adam, anak usia 5 tahun sukai. Dia suka dengan rasa mie dan tekstur mie yang kenyal, topping dan kripik yang renyah. Pelayanan yang diberikan sangat baik, mulai dari penjaga parkir sampai staff yang …",positif,,positif,positif,,,1,0,1,1,0
"*Tekstur mienya matang (aku suka yg agak jenyek).
*Level pedas bisa d atur sesuai selera (nilai plus buat q yg g suka terlalu pedes) …",positif,,,,,,1,0,0,0,0
"Sangat di sayangkan padahal semua sudah bagus dari pelayanan lingkungan sudah bagus, tapi kenapa menu utamanya ( mie )  sangat sangat lembek itu terlalu Mateng atau terlalu lama di diamkanyaaa",negatif,,positif,,,,2,0,1,0,0
"tempatnya nyaman, personil nya ramah semua ,yg melayani juga ramah sekali,menunya enak cocok untuk gen z yg mw ngedate",positif,,positif,positif,,,1,0,1,1,0
"Makanannya mie enak ada level²nya bisa pesan sesuai selera pedas yang kita inginkan.
Pelayanannya baik & ramah². …",positif,,positif,,,,1,0,1,0,0
"Makan berbahasa sekitar yang mudah untuk dipahami orang sekitar yaitu bahasa madura
Bila bingung bisa hubungi pelayan …",,,netral,,,,0,0,3,0,0
"mie nya enak,harganya bersahabat ditambah dengan layanan ramah, bikin pengalaman makan terasa lebih menyenangkan.",positif,positif,positif,,,,1,1,1,0,0
"Pelayanan super ramah dan ga lelet. Tempat bersih, adem, nyaman. Cuma ga suka es campurnya kayak kurang pas aja di aku hehe. Karena tergantung selera juga. Tapi overall baguss☺",negatif,,positif,positif,,,2,0,1,1,0
Pelayanannya ramah. Tempatnya nyaman. Ada kamar mandi jugaa. Ada outdoor sama ruang ber AC. Nyaman banget pokok tempatnya. Klo soal makanan Udag pasti enak 🤤 …,positif,,positif,positif,,,1,0,1,1,0
1 jam persis nunggu tapi blm selesai juga,,,negatif,,,,0,0,2,0,0
Kalian klo kesini bareng pasangan enak an mlm sii lebih Romans,,,,positif,,,0,0,0,1,0
Pelayanan ok tempat ok apalagi soal rasa (Weh cek kobeter solusinya di sakera Kalisat) hanya saja klok pas lagi rame tempat kurang luas dan lebar🙏 …,positif,,positif,negatif,,,1,0,1,2,0
"Mie pedas tiada duanya, udah dari dulu sampek sekarang jadi langganan selalu puas dengan pelayanan dan rasa menunya😍🤤 …",positif,,positif,,,,1,0,1,0,0
Outdor makin menarik. Rasa tetap terjaga harga ekonomis. Parkir motor mobil bisa diatur. Jos,positif,positif,,positif,,,1,1,0,1,0
"Setelah pindah ke lokasi baru,  barat lampu merah RSUD Ajung,  menu smakin variatif.  Tempat makin bagus.  Tersedia menu original.  Mie kosot (tanpa cabe),  mie tepes (5 cabe), mie tobik (cb 10),  mie tapok (15 cb)  dan mie torkop (cabe …",netral,,,positif,,,3,0,0,1,0
"Pelayanan nya ramah,murah senyum juga wkwk
Mie nya enak mantul pedesnya paslah buat aku",positif,,positif,,,,1,0,1,0,0
"Tempat nyaman. Makanan juga enak anak"" suka. Pelayanan oke. Rekomen banget sih☺️",positif,,positif,positif,,,1,0,1,1,0
Suka disini.. Mienya enak bnget.. Penggemar dari masih baru buka.. Depan perum D'sakinah,positif,,,,,,1,0,0,0,0
Pesanan dimsum nya salah,,,negatif,,,,0,0,2,0,0
Dari tempat dan pelayanan cukup bagus dan rasa mienya super enak apalagi pedesnya Josss dah Mie Sakera🙏👌 …,positif,,positif,positif,,,1,0,1,1,0
"Tempat makan yg nyaman, rasa makanannya tidak pernah berubah, pelayanannya ok punya",positif,,positif,positif,,,1,0,1,1,0
"Makanannya enak pelayanannya baik dan ramah,sering order d sini dan sering ada promo",positif,positif,positif,,,,1,1,1,0,0
Pelayanannya ramah dan mienya enak sekali,positif,,positif,,,,1,0,1,0,0
"Makanannya enak sekali bikin nagih!!!!
Pelayanannya juga cepan dan ramah",positif,,positif,,,,1,0,1,0,0
"Pelayanannya ramah terhadap pelanggan.
Mie dan dimsum nya juga lumayan enak.",positif,,positif,,,,1,0,1,0,0
"Tempat bersih.. makannya enak"" dan bikin nyaman .. pelayanan satset jdi suka deh",positif,,positif,positif,,,1,0,1,1,0
"Pelayanannya okk
Mienya enk bagi pecinta mie apalagi mie pedess rekomen bgt",positif,,positif,,,,1,0,1,0,0
Tidak pernah kecewa selama bertahun2 makan disini...pelayanan memuaskan,,,positif,,,,0,0,1,0,0
"Salah satu Mie yg cukup enak buat seseorang yg suka makan mie goreng, harga bersahabat, tempat cukup terang dan tenang",positif,positif,,positif,,,1,1,0,1,0
Pelayanannya sangat baik makannya sangat enak,positif,,positif,,,,1,0,1,0,0
"tempatnya nyaman pelayanan ramah, makanannya juga enak mantap",positif,,positif,positif,,,1,0,1,1,0
"Masakannya enak sesuai harga, tempatnya jg nyaman",positif,positif,,positif,,,1,1,0,1,0
Satu-satunya mie yg plg ramai di kalisat. Mie Sakera setaunsay ada bbrp cabang di jember. Tekstur mie ini lembut tp g terlalu lembek. Plg enak yg varian gorengnya. Kalau suka yg ekstra pedas bs coba mie torkop dg 25 cabe. Tempat parkir di tempat ini jg mudah.,positif,,,positif,,,1,0,0,1,0
Semua ramah sih cuma kadang klo lgi rame mie nya nungguin lamaa,,,negatif,,,,0,0,2,0,0
"Mie sakera termasuk salah satu mie pedas yang enak di Kalisat, selain mienya yang enak dimsum udang kejunya jugaaa enak sekali. Pelayanannya bagus, kapan hari pernah beli take away lewat jastip kalisat dan yang datang tidak sesuai pesanan, tapi setelah itu langsung di ganti dengan yang sesuai pesanan. Terimakasih mie sakera 🙏 …",positif,,positif,,,,1,0,1,0,0
Tempat nya luas cocok buat kumpul kumpul terus mie nya yang paling enak deh dari sakera2 di cabang lain dan promonya Khan maen top lah,positif,positif,,positif,,,1,1,0,1,0
Cukup baik pelayanannya hanya agak lama di penyajiannya off roal enak mie dan dimsumnya,positif,,negatif,,,,1,0,2,0,0
"Udah enak, pas rame rasa mie nya kadang berubah, mantab, tidak sama seperti sakera cabang arjasa, tapi sakera cabang jember tetep yg paling enak sejauh ini",netral,,,,,,3,0,0,0,0
"makanannya enakk,karyawannya ramah banget ramah senyum,mantap dah pokoknya",positif,,positif,,,,1,0,1,0,0
Enak banget mienya enak pelayanan nya ramah Topp bgtt,positif,,positif,,,,1,0,1,0,0
Tempat sudah diperbaiki makin nyaman dan enak klo dine in,,,,positif,,,0,0,0,1,0
"Bagi Anda yang menyukai menu mie level pedas, Mie Sakera Kalisat bisa menjadi pilihan jika kebetulan Anda berada di Kecamatan Kalisat. Seperti mie level pada umumnya, Mie Sakera menawarkan mie dengan tingkat kepedasan dari yang biasa sampai …",netral,,,,,,3,0,0,0,0
Makanannya enak pelayanan nya jugak baik,positif,,positif,,,,1,0,1,0,0
Makananannya enak cuman minus di bagian karyawan saja banyak pelanggan bukannya satset tapi malah tetep leyeh leyeh dan sampek becanda sambil masak mana gk ada pakai masker sambil layani pelanggan dan masak jadi gk puas dengan pelayanan,positif,,negatif,,,,1,0,2,0,0
Mienya enak dan wortid lah buat 1 keluarga,positif,,,,,,1,0,0,0,0
Pelayanannya sangat ramah mienya enak,positif,,positif,,,,1,0,1,0,0
Saranin kalo topian rambutnya dimasukin biar rambutnya tidak jatuh ke mienya biar keliatan rapi juga,,,negatif,,,,0,0,2,0,0
"mantap sekali, rekomended lah, apalagi pelayanan dari mas ari sangat puas",,,positif,,,,0,0,1,0,0
"Makannya enak bangett, suasananya juga bikin betah",positif,,,positif,,,1,0,0,1,0
"Makanan sih oke.  Tapi kemarin nanya toping ke pekerjax jawban mbak nya gk sopan...dan sempat saya tegur.  Embakx yg banyak bekas jerawatnya. Judes amat.
Tidak menyalahkan pemilik tapi pegawaix yg kurang amanah dalam bekerja. Semoga pihak SAKERA lbih tepat lg dlm menyeleksi pegawai.",positif,,negatif,,,,1,0,2,0,0
Pelayanan cukuk baik makanannya sangat lezat,positif,,positif,,,,1,0,1,0,0
Makanannya enak pelayanannya ramah,positif,,positif,,,,1,0,1,0,0
Pelayanan sangat baik mienya enak,positif,,positif,,,,1,0,1,0,0
"Suka lah menunya, mie gorengnya mantap banget dan tempat yg lebar, bersih dan pelayanan kadang cepet kadang ya lama sih.",positif,,positif,positif,,,1,0,1,1,0
"Tempatnya nyaman ada indoor dan outdoor juga😍
Pegawainya juga ramah"" …",,,positif,positif,,,0,0,1,1,0
"Padahal dlm keadaan sepi menunggunya lama sekali ,kalo rame masih maklum lah ya",,,negatif,,,,0,0,2,0,0
"Pelayanan cepat mie nya enak
Mienya masih panas",positif,,positif,,,,1,0,1,0,0
Makansnya enak pelayanannya cepat,positif,,positif,,,,1,0,1,0,0
dari tempat dan makanan minum man ny TDK mengecewakan,positif,,,positif,,,1,0,0,1,0
"Pelayannya Sangat bagus
Mienya enak",positif,,positif,,,,1,0,1,0,0
makanan enak pelayanan sangat baik,positif,,positif,,,,1,0,1,0,0
"Pas kesini pas ada promo beli 2 gratis 1, yeayy
Untung pas ga rame. Biasanya rame bgt sampe gaada tempat duduk tersisa",,positif,,netral,,,0,1,0,3,0
Suasannanya bagus tempat bersih dan mienya juga enak,positif,,,positif,,,1,0,0,1,0
Pelayanan baik mas nya ganteng hahah tempat nya sejukk,,,positif,positif,,,0,0,1,1,0
Gausah bingung kalo mau makan mie level yg paling enak langsung aja gass mie sakera,positif,,,,,,1,0,0,0,0
mienya panas pelayanan nya sangat baik,positif,,positif,,,,1,0,1,0,0
"Mie Ayam dengan rasa khas Madura ~ Jember, tinggal pilih rasa pedas yg bermacam-macam jumlah cabenya atau tanpa cabe juga bisa..",netral,,,,,,3,0,0,0,0
Pelayanan cepat tempatnya enak,,,positif,positif,,,0,0,1,1,0
Sangat nyaman dgn pelayanannya,,,positif,,,,0,0,1,0,0
Pelayanannya ramah👍 tempatnya estetic🥰 …,,,positif,positif,,,0,0,1,1,0
"Petugasnya cukup ramah, tempat nyaman, sedikit tempat untum berselfi selfi ria, mie lumayan sihh aku kasik 3 bintang saja sudah cukup.",netral,,positif,negatif,,,3,0,1,2,0
"mie nya enak sekali,wajib dicoba dan bikin nagihh",positif,,,,,,1,0,0,0,0
Tempatnya enak buat noki suka bngt sama makanannya,positif,,,positif,,,1,0,0,1,0
"Nyamn bangett tempatnya, mienya enak dan bikin nagih",positif,,,positif,,,1,0,0,1,0
Makannya enak pelayanya juga bagus,positif,,positif,,,,1,0,1,0,0
suasananya enak makannya juga bikin nagih,positif,,,positif,,,1,0,0,1,0
"Pelayanannya baik,makanannya enakk😋 …",positif,,positif,,,,1,0,1,0,0
Mie nya nyaman enak lagi,positif,,,,,,1,0,0,0,0
"enakkk dan murahhh bumbunya ga pelittt,cobain yaaaa",positif,positif,,,,,1,1,0,0,0
"✍️🤤🤤🤤🍜🍲🍹🥃🍷Mieeee nyummmmiii...masih banyak lagi menu lainnyaaa
Mieee SAKERAAA gaess... …",positif,,,,,,1,0,0,0,0
Rasanya enak dan nagih dari dulu tidak berubah❤️,positif,,,,,,1,0,0,0,0
pelayanan sangat baik makannanya sangat lezat,positif,,positif,,,,1,0,1,0,0
"Sangat menyenangkan bawa anak kesini, murah meriah",,positif,,,,,0,1,0,0,0
"Mie nya enak banget. Tapi sayang sekali, pelayanan lama. Beberapa kali melihat ke arah pelayan didapur yg memang terlihat dr kursi tunggu, pelayan sering asyik ngobrol.",positif,,negatif,,,,1,0,2,0,0
Pelayanan ramah makannya enak,positif,,positif,,,,1,0,1,0,0
"Pelayanan cepat ,rasanya juga mantap,tempatnya bersih",positif,,positif,positif,,,1,0,1,1,0
Mungkin di tembok di depan bisa di kasih mural/gambar biar lebih estetik,,,,positif,,,0,0,0,1,0
"Terlalu lama penyajiannya, perlu di perbaiki dalam hal penyajian agar konsumen tidak terlalu lama menunggu.",,,negatif,,,,0,0,2,0,0
B AJA,,,,,netral,,0,0,0,0,3
Pelayanannya bagus miennya enak,positif,,positif,,,,1,0,1,0,0
"Kalo take away(bungkus) pelayanannya lamaa,padahal gak rame,, itu aja sih,,mohon diperbaiki lagi kecepatan pelayanannya,,",,,negatif ,,,,0,0,0,0,0
"Palayanan ramah, tempat bersih.",,,positif,positif,,,0,0,1,1,0
"20% enak,
.
. …",negatif,,,,,,2,0,0,0,0
tempatnya enak karyawannya ramah,,,positif,positif,,,0,0,1,1,0
"Untuk Makanan Enak, Seperti mie pada umumnya. Tetapi yang saya ga suka adalah pelayanannya. Kasir Termasuk Kurang Ramah dan pesanannya yang lama. Tempat mulai sempit.",positif,,negatif,negatif,,,1,0,2,2,0
"layanannya bagus,pelayannya asik",,,positif,,,,0,0,1,0,0
"enak banget , pelayanan nya juga ramah",positif,,positif,,,,1,0,1,0,0
Pelayananny cepat makannya enak,positif,,positif,,,,1,0,1,0,0
Mienya enak enak dimakan,positif,,,,,,1,0,0,0,0
"Tempatnya bersih dan nyaman,karyawan juga ramah",,,positif,positif,,,0,0,1,1,0
"Mie sakera tempat kuliner dengan gaya madura dan juga menu menu yang diambil dari bahasa madura seperti torkob, mie yang tersedia terdapat pedas yang bervariasi, dari yang tidak terlalu pedas hingga terpedas.",netral,,,,,,3,0,0,0,0
Mie nya mantulll endull banget,positif,,,,,,1,0,0,0,0
Pelayanan terbaik rasa juara 👍🏻 …,,,positif,,,,0,0,1,0,0
Pelayanan bagus. Mie nya enak,positif,,positif,,,,1,0,1,0,0
Enak dan tempatnya nyaman,,,,positif,,,0,0,0,1,0
"PEGAWAINYAAA CABULLL BANGETTT PAKEE NGODEE NGODEE CEWEE ORANGG SEGALAAA, GOBLOKKKKKKKK",,,negatif,,,,0,0,2,0,0
"pelayan ramah, bintang 10⭐",,,positif,,,,0,0,1,0,0
Suasanya enak adem area outdoor,,,,positif,,,0,0,0,1,0
Mie langganan dari dulu .... Mie favorit,,,,,positif,,0,0,0,0,1
Mienya enak mienya kenyal,positif,,,,,,1,0,0,0,0
"mantap pool.kebersihannya terjaga dengan baik,kamar mandi dengan air bersih mengalir lancar.",,,,positif,,,0,0,0,1,0
Sangat nyaman tempatnya,,,,positif,,,0,0,0,1,0
"tempatnya nyaman, asri, cocok dinikmati di sore atau malam hari",,,,positif,,,0,0,0,1,0
"Karyawannya ramah2,murah senyum",,,positif,,,,0,0,1,0,0
Pertama kali ke mie sakera ajung kesannya sangat menarik,,,,,positif,,0,0,0,0,1
Mantap pelayanan sangat baik sekali,,,positif,,,,0,0,1,0,0
Tempatnya sangat nyaman,,,,positif,,,0,0,0,1,0
Tempatnya  bagus. Mie nya memang mie favorit,positif,,,positif,,,1,0,0,1,0
"Mie rekomend enak, Tempat strategis, murah meriah terjangkau.",positif,positif,,positif,,,1,1,0,1,0
Mienya enak makannya enk,positif,,,,,,1,0,0,0,0
Mienya enak harganya juga bersahabat ditambah dengan pelayanannya yang ramah ini bikin makan terasa lebih menyenangkan,positif,positif,positif,,,,1,1,1,0,0
Mie nya enak suasanya jgk bagus,positif,,,positif,,,1,0,0,1,0
Layanan cepat,,,positif,,,,0,0,1,0,0
Pegawainya bernama ayub top matkotop,,,positif,,,,0,0,1,0,0
tempatnya adem dan nyaman,,,,positif,,,0,0,0,1,0
Makannya enak pelayananya raman,positif,,positif,,,,1,0,1,0,0
Mienya sangat enak dan  nyaman,positif,,,,,,1,0,0,0,0
"enak, ramah, cepat",positif,,positif,,,,1,0,1,0,0
Oke sihh tempatnya!!,,,,positif,,,0,0,0,1,0
"Pelayanannya sangat baik
Makannya enak",positif,,positif,,,,1,0,1,0,0
"Untuk makan oke sih apa lagi di ngawi belum ada, tapi untuk pelayanan lama bgt nunggu dimsum sampe mienya dingin lebih di tingkat kan lagi untuk layanannya",positif,,negatif,,,,1,0,2,0,0
Tempat nyaman dan sejuk,,,,positif,,,0,0,0,1,0
Karywannya ramah2 kak,,,positif,,,,0,0,1,0,0
"Saya baru pulang dari mie sakera dan ini pertama kalinya saya makan di tempat, makanannya enak-enak kok, es campurnya juga, but i feel bad buat kebersihan dan ke higienisan makanannya. Piringnya kotor, gelasnya kotor, mejanya berminyak, jus …",positif,,,negatif,,,1,0,0,2,0
Layanan hidangan lama sekali,,,negatif,,,,0,0,2,0,0
"Karyawannya ramah, full senyum,",,,positif,,,,0,0,1,0,0
"Pas nyampe sepi banget, tempatnya sempit agak masuk ke dalem. Mana gak ada tisunya 🥲 …",,,,negatif,,,0,0,0,2,0
tempatnya nyamann,,,,positif,,,0,0,0,1,0
"Mie nya termasuk kelas menengah keatas , layak untuk makan mie sekeluarga apalagi ada bonus beli 2 gratis 1 , saran pakai nomer nggak usah di panggil nama",,positif,,netral,,,0,1,0,3,0
"Pelayan sangat bagus
Mienya enak",positif,,positif,,,,1,0,1,0,0
Pelayanannya bagus,,,positif,,,,0,0,1,0,0
"recomended, mienya enak banget apalagi yg varian goreng, pelayanannya ramah kebersihannya terjaga, cuma area depannya masih kurang bagus dilihat karna terhalang tempat duduk pak parkir",positif,,positif,positif,,,1,0,1,1,0
"Mienya enak dan murah , tempatnya luas",positif,positif,,positif,,,1,1,0,1,0
Pelayanan baik mienya enak,positif,,positif,,,,1,0,1,0,0
"Menunya variatif, tapi yg bikin ga enak kasirnya tidak ramah,seharusnya kalo ada pelanggan bingung di arahin bukan diketawain,padahal Waktu itu ga terlalu rame.",positif,,negatif,,,,1,0,2,0,0
Mie langganan dari dulu,,,,,positif,,0,0,0,0,1
"Kedua kalinya beli mie Sakera, rasanya enak cuma toping sosis sapinya kurang suka.",negatif,,,,,,2,0,0,0,0
"Pelayanan baik, tempatnya bersih. Saya suka konsep mie sakera kalisat ini. Tempat kasir ada di depan dan tempat makannya pelanggan ada di samping blok kasir sampai ke belakang (jadi yg antri tidak mengganggu kekhidmatan pelanggan yang makan …",,,positif,positif,,,0,0,1,1,0
Debes banget mie nya,positif,,,,,,1,0,0,0,0
Pelayanannya baik,,,positif,,,,0,0,1,0,0
"Kedai mie pedas yang lagi hits dimnapun itu, tak terkecuali jember phn punya tepatx di kec.kalisat...
Cukup murah dengan 10rebu ajah sudah menikmati mie yg cukup enak...dan bisa pesan tingkat kepedasan dengan berbagai level😉😉 …",positif,positif,,positif,,,1,1,0,1,0
"Mienya enak
Pedesnya nendang
Banyak level yang bisa di pilih mulai dari Tobhi' (cubit), tapok (tabok dibagian …",positif,,,,,,1,0,0,0,0
"Buat pecinta mie,. Buruan coba Mie Setan diKalisat,.
Harga dan Rasanya pas banget,. Yang jelas cobain sendiri aja,. Datang langsung dan buktikan gengs.",positif,positif,,,,,1,1,0,0,0
"Pengen makanan pedas???
Mampir disini saja. Harga murah meriah, pas d kantong
Pedasnya murni dari cabe. Bukan pedas dari merica
Wajib d coba varian mi goreng  ya, djamin mantul",positif,positif,,,,,1,1,0,0,0
Tempatnya nyaman...toilet jga oke,,,,positif,,,0,0,0,1,0
enak bgtt aslii sukakk🤍🤍 …,positif,,,,,,1,0,0,0,0
Tempat yang layak untuk dicoba bagi para penikmat kuliner mie. Tersedia berbahai pilihan level pedasnya. …,netral,,,positif,,,3,0,0,1,0
Pelayan bagus ramah,,,positif,,,,0,0,1,0,0
"Dari semua cabang yang saya coba,, di lakukan 3x makan mie dari setiap cabang jadi total 9x makan mie, jadi tidak ada unsur kebetulan …",,,,,netral,,0,0,0,0,3
"Saya Kemaren Beli mie kosot tapi waktu saya
sampai rumah malah mie nya ada cabe nya dan berkuah seperti mie torkop",negatif,,negatif,,,,2,0,2,0,0
"Muwantap banget. Tapi tak sepedas dulu, menurutku sih ... tempatx pas banget wenak, cocok buat pelajar n keluarga. Suasanax juga romantis2 gtu deh",netral,,,positif,,,3,0,0,1,0
Karyawannya rama,,,positif,,,,0,0,1,0,0
Rasanya lumayan enak harganya juga terjangkau pelayanannya cepat untuk tempatnya luas banyak kursi yang di sediakan jadi tidak perlu kuatir tidak kebagian tempat karena tempat ini memang selalu ramai pengunjungnta,positif,positif,positif,positif,,,1,1,1,1,0
Suasananya enak makanya enak juga,positif,,,positif,,,1,0,0,1,0
"Udah langganan beli mie sakera 🤩 jujur lebih suka mie sakera dari pada mie sebelah hehe😁 Kadang mie sakera kurang mateng, kadang mienya sedikit kadang mienya banyak, mungkin karna terburu-buru yaa😁 …",negatif,,,,,,2,0,0,0,0
"Pelayanan nya cepet ,mienya juga enak bisa milih tingkat level pedesnya cocok nih buat para pecinta pedes itu aja sih dari saya, sehat terus buat karyawan nya🤟 …",positif,,positif,,,,1,0,1,0,0
"Pelayanan sangat baik
Makannya enak",positif,,positif,,,,1,0,1,0,0
"Menurutku pelayanan dikalisat kurang memuaskan dan untuk toping  daging burger dan sosisnya kurang garing alias mentah
Intinya kecewa aja😒padahal sakera favku banget😔 …",negatif,,negatif,,,,2,0,2,0,0
"Mie pedas terfavorit di kalisat, ada mie sakera original dan juga mie sakera goreng, rasanya juga sangat khas berbeda dengan tempat makan lainnya. Mie sakera di kalisat merupakan pusat dari mie sakera yang ada dijember. Ngomong soal sakera aku jadi pengen makan lagi 😂 nagih soalnya …",positif,,,,,,1,0,0,0,0
Enak tp level 5nya terlalu tinggi buat saya... Kok GK ada level sesuai permintaan ya klo 5 terlalu pedas,negatif,,,,,,2,0,0,0,0
pelayanan ramahhhh,,,positif,,,,0,0,1,0,0
Pelayanan sangat bagus mie nya enak,positif,,positif,,,,1,0,1,0,0
"Suka karena tempat ini luas, mienya enak...
Kursinya ada yg patah, kemarin untung ibu saya ngga apa apa😭 …",positif,,,negatif,,,1,0,0,2,0
Pelayanan ramah,,,positif,,,,0,0,1,0,0
"Menunya enak, tempatnya bagus, tapi sayang karyawannya etikanya kurang bagus, geber geber motor di depan, mengganggu kenyamanan pelanggan",positif,,negatif,positif,,,1,0,2,1,0
"Ada taman dicafenya,
Kami SIAP mewujudkannya.
- Pembuatan Taman …",,,,netral,,,0,0,0,3,0
Nyaman banget,,,,positif,,,0,0,0,1,0
"Lumayanlah, sudah ga terasa sempit ga kek dulu. Pelayanannya juga lumayan. Tapi bisa dong kedepannya ada inovasi baru dimenunya",negatif,,positif,positif,,,2,0,1,1,0
Karyawannya ramah semua,,,positif,,,,0,0,1,0,0
Mie nya enak tapi diusahakan bagi pelayan untuk memuaskan pelanggan jangan terlalu lama menghidangkan makanan,positif,,negatif,,,,1,0,2,0,0
Mantab semuanya,,,,,positif,,0,0,0,0,1
"enak, cepat",positif,,positif,,,,1,0,1,0,0
"Tempatnya bersih, pelayanannya pun memuaskan. .
Dan yang paling terpenting lagi, rasanya Mak nyos endes... 😍😍 …",positif,,positif,positif,,,1,0,1,1,0
Menarik☺☺,,,,,positif,,0,0,0,0,1
"Tempatnya luas.. suka mienya enak... Recomen buat makan bersama keluarga besar,😍😍 …",positif,,,positif,,,1,0,0,1,0
Nyaman cepat,,,,positif,,,0,0,0,1,0
Mienya enak. Dan ada berbagai level pedas. Ada juga camilan untuk menamani makan mie. Suasananya juga enak,positif,,,positif,,,1,0,0,1,0
Nyaman ongguen kanak..asli nampol mie nya di daerah Kalisat depan RSUD Kalisat,positif,,,positif,,,1,0,0,1,0
"Nyaman tempatnya, karena cukup luas di dalam. Ada toilet dan tamannya juga. Pelayanan baik. Rasa juga lumayan",positif,,positif,positif,,,1,0,1,1,0
Restoran apa ini....saya pesan 2 mie aja kok lama banget sampai 1 jam lebih....pelayanan tidak memuaskan,,,negatif,,,,0,0,2,0,0
Memuaskan,,,,,positif,,0,0,0,0,1
Enak mie favorite dari dulu,positif,,,,,,1,0,0,0,0
Best bngt pokokny,,,,,positif,,0,0,0,0,1
Enak langganan banget,,,,,positif,,0,0,0,0,1
"Syukak sekali....... Tempatnya luas, trus gak desak-desakan, gak antri, cocok buat meet up bareng temen",,,positif,positif,,,0,0,1,1,0
"Sangat ramai seperti biasanya , harga sangat bersahabat dengan cita rasa mie yang mantappp sekaliiii",positif,positif,,positif,,,1,1,0,1,0
"enaknyoooooo... thank uu untuk pelayanannya ,, saya sangat senang... tempat yg nyaman, makan pun nyaman ongghu",positif,,positif,positif,,,1,0,1,1,0
Enak dan santai,,,,positif,,,0,0,0,1,0
"Kondisikan pesanan, minumannya terlalu cepat sedangkan mienya lama. Minuman ampek gak dingin lagi.",negatif,,negatif,,,,2,0,2,0,0
"Tempat makan Mie yang sangat nyaman, mienya enak, pelayananannya ramah dan cepat",positif,,positif,positif,,,1,0,1,1,0
"Rasa pedas yg bertingkat, dan pilihan menu yg variatif membuat saya tertarik untuk membuat konten ASMR. He",positif,,,,,,1,0,0,0,0
Mienya enak tapi kalo ditambah daun selada pasti tambah enak,positif,,,,,,1,0,0,0,0
"Nyaman,cepat,murah,kenyang",netral,positif,positif,positif,,,3,1,1,1,0
Makananya enak dan tempat nyaman,positif,,,positif,,,1,0,0,1,0
Pelayanan krng memuaskan selain lama malah disuruh bungkus sendiri dasar kampung,,,positif,,,,0,0,1,0,0
"Mie terenak dan terlaris se indonesia raya. Mantab pedesnya, pokoknya top banget.",positif,,,,,,1,0,0,0,0
Ramah 🥰 …,,,positif,,,,0,0,1,0,0
"Tempatnya luas dan nyaman. Setau saya ada tiga cabang. Dan yang di Kalisat ini yang paling nyaman, tenang, dan aesthetic.",,,,positif,,,0,0,0,1,0
Pesenan makanannya lama banget... Sampek satu jam nunggu ga dateng Dateng dong😒.. …,,,negatif,,,,0,0,2,0,0
Makanan pedas yang enak bagi pecinta kuliner pedas. Ada juga yang tidak pedas bagi yang tidak terlalu suka peda. Pelayanan cepat dan standar.,positif,,positif,,,,1,0,1,0,0
Mie enak pelayanannya sangat bagus,positif,,positif,,,,1,0,1,0,0
"Enaak... Masakannya enak, pedasnya mantap. Tempat juga nyaman.",positif,,,positif,,,1,0,0,1,0
Mie yang enak . Apalagi yang suka pedas dijamin mantap,positif,,,,,,1,0,0,0,0
"Pelayaran dalam penyajian makanan lama banget hampir setengah jam
Tolong segera d kompakkan lagi",,,negatif,,,,0,0,2,0,0
Rasa mantul ...,positif,,,,,,1,0,0,0,0
"Nyaman banget,terus pelayanannya juga cepet banget 👍 …",,,positif,positif,,,0,0,1,1,0
"Terimakasih Mie Sakera.. Saya sangat puas menikmati hidangannya, harga pas makan puas",,positif,,,,,0,1,0,0,0
Tempatnya recomended banget untuk yg mau nongkrong bareng tmn or family,,,,positif,,,0,0,0,1,0
Menarik,,,,,positif,,0,0,0,0,1
Jempol buat mie sakera pelayanannya bagus dan tempatnya strategis dan menunya enak enak,positif,,positif,positif,,,1,0,1,1,0
"Tempat makannya luas, penyajian lumayan cepat, tempatnya bersih",,,positif,positif,,,0,0,1,1,0
"Pelayanan baik, mie nya enak.. Tempatnya juga bagus bersih",positif,,positif,positif,,,1,0,1,1,0
"Bagi penggemar mie sekera pedas,monggo wajib nyoba biar ga penasaran...",netral,,,,,,3,0,0,0,0
"Mie. Nya super pedas...
Mantap deh pkoknya..
Orang kalisat wajib coba..",positif,,,,,,1,0,0,0,0
"Minus tisu padahal kan ini konsep mie pedes
Udang rambutan kurang kerasa",negatif,,,negatif,,,2,0,0,2,0
"Nunggunya lama, soal rasa mending mie ayam jauh",negatif,,negatif,,,,2,0,2,0,0
"Alhamdulillah rasa nya cocok di lidah, harga nya juga pas, pelayanan sangat ramah,",positif,positif,positif,,,,1,1,1,0,0
sipp banget,,,,,positif,,0,0,0,0,1
"Sae kadintoh. Yg suka kuliner pedas, khususnya pecinta mie, wajib kesini.",,,,,positif,,0,0,0,0,1
"Tempat bagus
Menu enak
Pelayanan ramah",positif,,positif,positif,,,1,0,1,1,0
Kalau mau memanjakan bibir. Disini tempatnya. Pedasnya suka gak tau diri,positif,,,,,,1,0,0,0,0
rekomen,,,,,positif,,0,0,0,0,1
Sayang porsi semakin sedikit g seperti awal2 buka..,negatif,,,,,,2,0,0,0,0
"Makan dibungkus, mencoba mie goreng nya, lumayan enak",positif,,,,,,1,0,0,0,0
Lumayan lah... Rame juga,,,,positif,,,0,0,0,1,0
Enak tp lama kalo pas rame bisa 1 jam,positif,,negatif,,,,1,0,2,0,0
Pelayan sangat bagus mie nya enak,positif,,positif,,,,1,0,1,0,0
Parah pesan yang tidak pedas malah dikasik yang pedas sampek nangis anakku,,,negatif,,,,0,0,2,0,0
pelayanannya sedikit lama. trus di meja g ada tisu,,,negatif,negatif,,,0,0,2,2,0
Nyam nyam,netral,,,,,,3,0,0,0,0
"Nunggu lebih dari 1 jam
Malah yg baru dateng d kasik dulu",,,negatif,,,,0,0,2,0,0
pelayanan lambat,,,negatif,,,,0,0,2,0,0
Pecinta mie wajib cobaa. Approve 💯 …,,,,,positif,,0,0,0,0,1
Mienya enak..👍👍👍 …,positif,,,,,,1,0,0,0,0
"Mie nya enak, sama seperti yang di Jember.. harga juga terjangkau",positif,positif,,,,,1,1,0,0,0
Mie sakera mantul,positif,,,,,,1,0,0,0,0
"Tempatnya cukup nyaman, cocok buat anak muda",,,,positif,,,0,0,0,1,0
"Pelayanan masih kurang maximal, toping juga masih kurang baik dari rasa dan varian toping.",negatif,,negatif,,,,2,0,2,0,0
Enaaaak banget sesuai lah sama harga nya,positif,,,,,,1,0,0,0,0
Tempatnya bagus..makananya enak..murah juga.,positif,positif,,positif,,,1,1,0,1,0
Mie nya eundesss.. Toping nya banyak.. Harga lumayan murah..,positif,positif,,,,,1,1,0,0,0
Hanya ingin bilang rasanya mak nyus... ☺☺,positif,,,,,,1,0,0,0,0
"Nyaman dan fotogenik. Rasa mie, kurang istimewa",negatif,,,positif,,,2,0,0,1,0
Waoww... Menyantap makan dg sensasi CAROK !! 😄😁 …,netral,,,,,,3,0,0,0,0
"Makanannya enak overall, murce dan aksesnya mudah",positif,positif,,,,,1,1,0,0,0
muantep bos... pedesnya pool... banyak menu dan pilihan.,positif,,,,,,1,0,0,0,0
Mie pedas yang enak dan pengalaman makan yang menyenangkan,positif,,,,,,1,0,0,0,0
tempatnya bagus dan menu.x lucu.lucu,positif,,,positif,,,1,0,0,1,0
Mayan.. seumur umur asli orang kalisat baru sekali kesini..,,,,,netral,,0,0,0,0,3
Mie gorengnya mantab,positif,,,,,,1,0,0,0,0
"Mienya enak, tempatnya jg nyaman",positif,,,positif,,,1,0,0,1,0
Enak karena istri saya suka,positif,,,,,,1,0,0,0,0
seneng,,,,,positif,,0,0,0,0,1
Porsinya tambah dikit tp tetep juara rasanya👍👍 …,positif,,,,,,1,0,0,0,0
"Mienya enak, cocok untuk pecinta pedas...",positif,,,,,,1,0,0,0,0
Mienya enak cuma penyajiannya agak lama,positif,,positif,,,,1,0,1,0,0
Pelayanannya lama,,,negatif,,,,0,0,2,0,0
Pelayanan cukup bagus+tempatnya enak,,,positif,positif,,,0,0,1,1,0
rekomendedd,,,,,positif,,0,0,0,0,1
"Masakan nya enak semua...
.",positif,,,,,,1,0,0,0,0
Tempatnya nyaman dan mie nya enak bos,positif,,,positif,,,1,0,0,1,0
Enak mie nya mantap banget dah,positif,,,,,,1,0,0,0,0
Tmpatx dan playananx bagus....makanan dan minumanx recomended,positif,,positif,positif,,,1,0,1,1,0
Es jeruknya bukan es jeruk tp es gula,negatif,,,,,,2,0,0,0,0
Mamntaap rasa mienya enak bngeet...,positif,,,,,,1,0,0,0,0
Rame pembeli. Pelayanan nya memuaskan.,,,positif,,,,0,0,1,0,0
"Tempatnya enak ,makanannya enak banget",positif,,,positif,,,1,0,0,1,0
Pelayanan bagus dan tempat nya luas,,,positif,positif,,,0,0,1,1,0
Cukup bagus,,,,,positif,,0,0,0,0,1
Kalau dibungkus untuk dimkn dirmh kurang enak,negatif,,,,,,2,0,0,0,0
Menjual mie dng rasa yg mantap,positif,,,,,,1,0,0,0,0
kerenn anjay,,,,,positif,,0,0,0,0,1
Mienya terlalu pedas untuk lvl terendah,negatif,,,,,,2,0,0,0,0
Tempat Ok dan Rasa makanan Toppp markotop!!!,positif,,,positif,,,1,0,0,1,0
Mie ayam nya rekomended gaess,positif,,,,,,1,0,0,0,0
Pelayanan nya kurang memuaskan🥲 …,,,negatif,,,,0,0,2,0,0
Alangkah lebih baiknya jika chefnya pakai masker 😷 …,,,negatif,,,,0,0,2,0,0
Mie lumayan enak tapi pelayanan lama,positif,,negatif,,,,1,0,2,0,0
Super duper terrbaeqqw miiiee terfav sepanjang sejarah hidup,positif,,,,,,1,0,0,0,0
"Tempat nyaman, rasa tetap sama",positif,,,positif,,,1,0,0,1,0
Mie enak pedesnya bikin nagih,positif,,,,,,1,0,0,0,0
"Rexomended mie,Tapi untuk cabang kalisat sepertinya sudah tutup",,,,netral,,,0,0,0,3,0
Enak sekali pokoknya 🥰🥳 …,positif,,,,,,1,0,0,0,0
Tempat enak &  pelayanan juga cepet,,,positif,positif,,,0,0,1,1,0
Rasanya seperti iron man.super pedas,netral,,,,,,3,0,0,0,0
Rasa pas dan menu semakin beragam,positif,,,,,,1,0,0,0,0
"harga&rasa, mantul!!! rugi g nyoba!!!",positif,positif,,,,,1,1,0,0,0
Mantap boss....ini yang dinamakan surga dunia👍👍👍 …,,,,,positif,,0,0,0,0,1
Rasa enak tempatnya juga enak,positif,,,positif,,,1,0,0,1,0
"Harga murah, rasa cukup enak",positif,positif,,,,,1,1,0,0,0
Mie pedes kekinian ada juga lho di daerah kalisat,positif,,,netral,,,1,0,0,3,0
Sakera punya cerita..,,,,,netral,,0,0,0,0,3
Lama bgt pelayanannya,,,negatif,,,,0,0,2,0,0
Pelayanan ramah...bersih...cepat,,,positif,,,,0,0,1,0,0
Mienya lumayan,positif,,,,,,1,0,0,0,0
Mantap tempat bagus,,,,positif,,,0,0,0,1,0
Nyaman dan enak dan tempat yang indah,,,,positif,,,0,0,0,1,0
Pelayanan nya lumayan baik,,,positif,,,,0,0,1,0,0
Enak dan harga tidak mahal mahal amat,positif,positif,,,,,1,1,0,0,0
Lumayan tempat nya sejuk,,,,positif,,,0,0,0,1,0
Mie nya mantap cuuuuuuy,positif,,,,,,1,0,0,0,0
"Mantap, selalu rame 😁😁😁 …",,,,positif,,,0,0,0,1,0
Enak rasanya,positif,,,,,,1,0,0,0,0
Pelayanan yg memuaskan,,,positif,,,,0,0,1,0,0
Pelanggan bisa langsung ke tempat saya,,,,,positif,,0,0,0,0,1
"Mienya enak,,, tmptnya asik",positif,,,positif,,,1,0,0,1,0
Biasa aja,,,,,netral,,0,0,0,0,3
Sangat bagus dan sangat enak,positif,,,positif,,,1,0,0,1,0
enak tapi ya enak aja gitu,positif,,,,,,1,0,0,0,0
Rasa nya Mantap,positif,,,,,,1,0,0,0,0
Rekomendasi banget sih,,,,,positif,,0,0,0,0,1
mantap mie nya,positif,,,,,,1,0,0,0,0
Pinggir jln parkir juga cukup,,,,netral,,,0,0,0,3,0
Asyik tempatnya,,,,positif,,,0,0,0,1,0
Pelayanan harap di perbaiki,,,negatif,,,,0,0,2,0,0
Terkenal dengan mienya yang pedas,netral,,,,,,3,0,0,0,0
Ramai harus sabar antri,,,negatf,,,,0,0,0,0,0
mie sakera mantab,,,,,positif,,0,0,0,0,1
Pedasnya luar biasa...,positif,,,,,,1,0,0,0,0
Sangat puas dengan pelayanan,,,positif,,,,0,0,1,0,0
Ingat masa kecil dulu di sini,,,,,positif,,0,0,0,0,1
Tempat luas dan nyaman,,,,positif,,,0,0,0,1,0
Buat nongkrong juga oke,,,,positif,,,0,0,0,1,0
Suka ajach..😊 …,,,,,positif,,0,0,0,0,1
Sarapan aja jangan harapan,,,,,netral,,0,0,0,0,3
enak mienya,positif,,,,,,1,0,0,0,0
Sip mak nyus...  😉 …,,,,,positif,,0,0,0,0,1
Murah dan strategis,,positif,,positif,,,0,1,0,1,0
"Mantap, recomended",,,,,positif,,0,0,0,0,1
Mienya enak :),positif,,,,,,1,0,0,0,0
Tempat enak dan nyaman,,,,positif,,,0,0,0,1,0
Rasanya mantab,positif,,,,,,1,0,0,0,0
Bersih dan rapi,,,,positif,,,0,0,0,1,0
Sangat berkenan,,,,,positif,,0,0,0,0,1
Enak lumayan,positif,,,,,,1,0,0,0,0
Pedesnya mantaabbb,positif,,,,,,1,0,0,0,0
Tempat makan yang enak,,,,positif,,,0,0,0,1,0
Gatau mau nulis apa 😎 …,,,,,netral,,0,0,0,0,3
parkir syulit,,,,negatif,,,0,0,0,2,0
Enak mienya😋 …,positif,,,,,,1,0,0,0,0
Silahkan dicoba,,,,,netral,,0,0,0,0,3
Pokok okelah,,,,,positif,,0,0,0,0,1
Kurang tepat,,,,,netral,,0,0,0,0,3
Sangat pedas,netral,,,,,,3,0,0,0,0
Wajib dikunjungi,,,,,positif,,0,0,0,0,1
Tempat oke,,,,positif,,,0,0,0,1,0
Pelayanan lama,,,negatif,,,,0,0,2,0,0
good kuliner mie,positif,,,,,,1,0,0,0,0
Mantap mantap,,,,,positif,,0,0,0,0,1
Siippp pedes,netral,,,,,,3,0,0,0,0
Banyak promo,,positif,,,,,0,1,0,0,0
Baik,,,,,positif,,0,0,0,0,1
enakk,positif,,,,,,1,0,0,0,0
Nikmat,positif,,,,,,1,0,0,0,0
Sadis,,,,,negatif,,0,0,0,0,2
Mantab ges,,,,,positif,,0,0,0,0,1
"Mantap,,,,",,,,,positif,,0,0,0,0,1
Makanan mie,netral,,,,,,3,0,0,0,0
Pelayanannya oke mamam enaakkk,positif,,positif,,,,1,0,1,0,0
"Iya nih, itu pohon
Pop",,,,,netral,,0,0,0,0,3
"Enak banget, tapi kasirnya, juddeess, selalu baik, pelayannya ramah, senyumnya biasa aja, dan saya jadi ogah beli.",positif,,negatif,,,,1,0,2,0,0
Pertama kali makan di mie sakera kalisat pelayanannya sangat baik,,,positif,,,,0,0,1,0,0
terima kasih ya,,,,,positif,,0,0,0,0,1
"Setelah mengantar anak-anak ke pondok, mereka mampir untuk membeli mie sakera di kalisat",,,,netral,,,0,0,0,3,0
Josss,,,,,positif,,0,0,0,0,1
"Sungguh, sungguh.",,,,,netral,,0,0,0,0,3
Sae,,,,,netral,,0,0,0,0,3
Menyarankan,,,,,netral,,0,0,0,0,3
Tempat ini sangat menyenangkan untuk makan ramen..,,,,positif,,,0,0,0,1,0
direkomendasikan bagi mereka yang suka pedas.,positif,,,,,,1,0,0,0,0
Mie sakera nya mantap 😀 pedas nampol 👍👍👍👍 …,positif,,,,,,1,0,0,0,0
Mie Sakera rasanya sangat enak.,positif,,,,,,1,0,0,0,0
Pelayan itu tidak tersenyum 😊😊 …,,,negatif,,,,0,0,2,0,0
Senang bertemu dengan Anda....,,,,,positif,,0,0,0,0,1
Mie sake ini benar-benar enak.,positif,,,,,,1,0,0,0,0
Puaaaas,,,,,positif,,0,0,0,0,1
Wow!,,,,,positif,,0,0,0,0,1
Atas,,,,,netral,,0,0,0,0,3
Oenaak,positif,,,,,,1,0,0,0,0
jhooosss,,,,,positif,,0,0,0,0,1
Lebih baik makan di tempat,,,,,positif,,0,0,0,0,1
Raaammeeeee....antrriiii😅😅 …,,,,negatif,,,0,0,0,2,0
hari Pedessse,netral,,,,,,3,0,0,0,0
Mantaaaaaaaabeg 👍👍👍 …,,,,,positif,,0,0,0,0,1
Mantaaappp,,,,,positif,,0,0,0,0,1
Tempat yang Baik,,,,positif,,,0,0,0,1,0
Mereka bisa melakukan woooopppp-mu,,,,,netral,,0,0,0,0,3
Tempat yang nyaman,,,,positif,,,0,0,0,1,0
Suka suka suka,,,,,positif,,0,0,0,0,1
Peddes.....😋✌ …,netral,,,,,,3,0,0,0,0
"Nikmatnya sepiring mie pedas yang mengepul perlahan, menggoda lidah di senja yang mulai tenang. Menurutku, ini pedasnya bukan sekadar rasa berani, melainkan hangat yang menetap di hati. Dibubuhi es teh dingin menyapa tenggorokan yang lelah, …",positif,,,,,,1,0,0,0,0
"Dulu aku tinggal di Ajung dan sering beli di cabang yang tegal besar depan perum taman gading tp sayang outletnya tutup pdhl dulu hampir seminggu 3x beli kesana, tapi sekarang udh tinggal di tanggul ikut suami ",,,,netral,,,0,0,0,3,0
"Karyawannya ganteng banget, cepet bgt kerjanya, ramah juga. Ga cuma itu, menunya juga murah dan enak, cocok buat dompet yang menipis. Fyi aku makannya pas menjelang malam/sunset, sumpahhhhhhh view tanggulnya indah bangettt. tempatnya juga …",positif,positif,positif,positif,,,1,1,1,1,0
"Mie enaknya terasa khas, bumbunya pas dan porsinya cukup. Udang keju juga enak dengan isi keju yang melimpah, walau sedikit agak overcook. Pelayanan ramah dan cukup cepat. Tempat memang terlihat agak usang, tapi tetap bersih dan nyaman untuk makan. Area parkir juga tersedia dan aman.",positif,,positif,positif,,,1,0,1,1,0
"Mie nya enak, es nya enak, dimsum nya enak. Pesanan juga kurang dari 15 menit udah selesai, mungkin karena sepi juga. …",positif,,positif,,,,1,0,1,0,0
"Pelayanannya bagus, karyawan ramah, murah juga mienya, enakk, sering promo. Makasih mie sakera, sukses teruss.",positif,positif,positif,,,,1,1,1,0,0
"enakkk bangett, miee nya enakk, siomay ayam nyaa enak pelayanan nya jg enak ramah bangetttt tp untuk es teh nya kurang maniss :(( selebihnya udahh enakk kokk😻 …",negatif,,positif,,,,2,0,1,0,0
"hiksss ini enak bngtt, pelayanan ramah cepat pula, g smpe 10menit makanan nya sampai, tempatnya oke bersih, dimsumnya wenak pwolll gede"", mienya juga ga kalah enaknya..",positif,,positif,positif,,,1,0,1,1,0
"Mie sakera rasa maknyus .. beda dengan yang lain.. perlu dicoba ... Tempat di pinggir jalan dekat stasiun tanggul.. porsi kenyang.. gigitan pertama langsung menunjukkan ini khas dari mie sakera..
Yokkk datang",positif,,,netral,,,1,0,0,3,0
"Perdana makan mie sakera cabang tanggul, untuk pelayanan sangat puas bgt.
Untuk tempat nyaman, dan untuk makanannya enakkk saya rating 8.5/10. Tpi puas bgt pertama kali nyoba mie sakera ini.",positif,,positif,positif,,,1,0,1,1,0
"untuk harga 11k porsi nyaa kebanyakan kak + kurangg asin , kbnyakan kecap + minumannya kurang manis dikit kak 🙏🏻 …",negatif,netral,,,,,2,3,0,0,0
"kedua kali kesini, sangat mengecewakan🙃
pas datang kondisi tidak begitu ramai, ada 2 meja dine-in saja sebelum ku yang belum dilayani, 3 termasuk aku …",,,negatif,netral,,,0,0,2,3,0
"lebih teliti lagi dalam mendengarkan pesanan ya,semangat kedepannya sukses selalu",,,negatif,,,,0,0,2,0,0
"Mie nya enak emang udah favorit dari yang pertama buka di jember, tempatnya juga cozy..",positif,,,positif,,,1,0,0,1,0
"Mienya dan udang keju enak
Tempat juga nyaman",positif,,,positif,,,1,0,0,1,0
"Semua menu cocok di lidah semua kalangan anak"" hingga orang dewasa
Recommended untuk tempat makan bareng keluarga/temen",positif,,,positif,,,1,0,0,1,0
"Mienya enak,dimsumnya enak,tempatnya bersih. Untuk spot foto bisa memilih makan di lantai 2. Pelayanan cepat",positif,,positif,positif,,,1,0,1,1,0
"Mie favorit dari jaman kuliah, dulu rutin banget makan di jember. Setelah lulus kuliah setiap kepengen susah karena harus jauh ke jember. Dan sekarang udah ada di tanggul, pas awal buka mau beli ragu awalnya takut gak sama rasanya kayak di …",positif,,,positif,,,1,0,0,1,0
"pertama kali kesini aman, maghrib dan kondisi lagi sepi

kedua kalinya kesini mengecewakan, …",,,,negatif,,,0,0,0,2,0
"Pertama kali coba dan langsung ketagihan! Mienya kenyal, bumbunya pas lidah,  pedasnya bisa disesuaikan sesuai selera. Cocok banget buat pecinta makanan pedas, tapi tenang… buat yang nggak kuat pedas juga bisa request level rendah. …",positif,,,,,,1,0,0,0,0
"Mienya enak,gak begitu lembek,pokoknya wort id,pelayannya juga baik hati dan tidak sombong.",positif,,positif,,,,1,0,1,0,0
"Lantai 2 kotor ga dibersihin

Pesan mie berkuah 50 menit belum dibuat sama sekali
Di tegur malah, nyalah nyalahin staff yang lain",,,negatif,negatif,,,0,0,2,2,0
"sipppp mantap semuaaa, tapi lain kali mungkin buat es teh nya bisa lebih dimanisin lagiii, trus juga udang kejunya jgn terlalu rasa daging selep gituu, usahain lebih soft lg lbh enakkk, overall enakkk semuaaa sip baguss",negatif,,,,,,2,0,0,0,0
"Mienya enak, pelayanannya ramah dan cepat",positif,,positif,,,,1,0,1,0,0
"pelayananya baik, penyajian makanannya juga cepet ga sampe 10 menitt sudah di antarr",,,positif,,,,0,0,1,0,0
"enakkk,pelayanannya ramah jugaa, cepett,tempatnya okee,intinya mantep deh",positif,,positif,positif,,,1,0,1,1,0
"ini mie itu enakk,tapi kalo bisa saran ajaa,mie nya jangan terlalu nyemek,dimsum nya enakk banget kerasa daging nya,gede gede pula es nya kurang maniss dikit tpi gapapa lah tetep enakkk,udah berapa kali ke sini ga pernah bosen sama mie nya",positif,,,,,,1,0,0,0,0
"enak banget, tempat nya nyaman, rekomended bgtt",,,,positif,,,0,0,0,1,0
Rekomen sekali pokoknya kalian harus kesini sih 🥰🥰 …,,,,,positif,,0,0,0,0,1
"Pesanan tidak sesuai semua beli apa dikasih apa
Mana gadikasih sosis
Toping tidak lengkap
pelayanan lama super lemot",negatif,,negatif,,,,2,0,2,0,0
Jangn lupa mampir dimie sakera murah cuma 10rb sudah bikin kenyang😍🤩 …,,positif,,,,,0,1,0,0,0
"Mienya sangat enak,bumbu""nya sudah pasdan bikin nagih terus🔥🤩 …",positif,,,,,,1,0,0,0,0
buka di shopeefood pls klo pake gofood kadang ongkir nya ga ngotak pdhl enak bgt😃 porsinya bnyk bikin kenyang murah lagi …,positif,,,,,,1,0,0,0,0
"Mie nya ga terlalu suka bangett
Pesan lewat wa mau di ambil jam segitu, sampai sana masih belom di buatkan, orang lagi buru-buru",negatif,,negatif,,,,2,0,2,0,0
enak bngt udah ke 3 kalinya kesini 9/10,positif,,,,,,1,0,0,0,0
"Layanan cepat, ramah dan tempat sangat bersih",,,positif,positif,,,0,0,1,1,0
"Mie nya enak, Udang Rambutannya juga enak uk. Besar jgaa jadi puas makannya👍 …",positif,,,,,,1,0,0,0,0
Rasanya enak harga terjangkau,positif,positif,,,,,1,1,0,0,0
"Selalu dapet pelayanan yang bagus pas kesana, pegawainya juga ramah².",,,positif,,,,0,0,1,0,0
rasa mie dan bumbunya sangat pas bikin nagih terus😍🔥🔥 …,positif,,,,,,1,0,0,0,0
"Ada plastik di dalam makanannya, sepertinya plastik hitam keras.
Kecewa pas makan ikut terkunyah
Kurang hati2 dalam penyajian, semoga kedepan di perbaiki
Untuk rasa enak tidak ada masalah.",negatif,,negatif,,,,2,0,2,0,0
"enak banget,tempat nya enak,bersih, pelayanan oke banget,paling best lumpia udangnya siiii,mungkin lebih enak alat makan nya diganti sumpit kak",positif,,positif,positif,,,1,0,1,1,0
"Ke dua kalinya makan mie Sakera, mienya nyemek, rasa oke, porsi mengenyangkan buat saya. Udang rambutan syukaaa.",positif,,,,,,1,0,0,0,0
"Makanan nya enak sekali,kamu bisa memilih original/goreng,dan juga ada berbagai toping yang bisa anda makan.",positif,,,,,,1,0,0,0,0
"mie nya enak porsinya banyak, dimsumnya gede gede+enak bgtt jdi kenyangg, trs bisa DO lagi🤩😍 rawrr …",positif,,,,,,1,0,0,0,0
"saya beli yang pertama kali itu mie nya kelembekan dan dimsum"" nya masih mentah semua dan untuk pembelian kedua masak karyawan nya yang nganter itu nganu ingus didepan customer kan jadi geli yang mau makan",negatif,,negatif,,,,2,0,2,0,0
"Btw lupa review tadi pagi, mie nya enak
Apalagi dimsum nya pas banget matangnya jadi pengen nyobain lagi",positif,,,,,,1,0,0,0,0
"Mienya enak pas sama bumbunya😍dan karyawannya ramah""😍🔥🔥 …",positif,,positif,,,,1,0,1,0,0
"enak kok, tapi mie nya menurut aku kurang sedep ajasih
tapi bener enak kok",negatif,,,,,,2,0,0,0,0
"karyawannya ramah"" mulai dulu pengen mkan mie sakera alhamdulillah terkbul",,,positif,,,,0,0,1,0,0
"Sudah coba mie sakera yg cabang tanggul, mienya enak bumbunya juga nampol, pelayanannya ramah dan cepat..sukses selalu mie sakera tanggul 🫰 …",positif,,positif,positif,,,1,0,1,1,0
"Mienya mengenyangkan, wort itu betul",positif,,,,,,1,0,0,0,0
"Tolong buat owner pegawainya ditambah lagi dong, masa cuma 2 orang yang jelas pasti keteteran.
Pesan takeaway masyaallah nunggu sejam lebih, ampe ga mood makan😭😭 …",,,negatif,,,,0,0,2,0,0
"Pelayanan ramah,penyajian makanan tepat waktu,tempat nyaman dan bersih.
Tapi sayang di lantai dua musik ga kedengeran jadi sunyi.",,,positif,negatif,,,0,0,1,2,0
ENAKKKKKEUNNNNNNNNNNN PENAKKK ERAMMMMMMM AW AWWWWWWW PEDESSSS EEEEEEE PASSSSS DANNNNNN MANTEPPPPPPPPPPPPPP😻😻😻😻😻 …,positif,,,,,,1,0,0,0,0
"tolong karyawannya mending di tambahin deh jangan cuma 2 orang biar pelayanannya ga lemot. pesen mie 3 porsi take away nunggu aja sampe sejam, terus ada yg beli tapi dine in padahal datangnya duluan saya ada sekitar setengah jam tapi yg …",,,negatif,,,,0,0,2,0,0
"Untuk pesanan customer tolong di teliti lagi nunggu mie kari sama air mineral sampai 1 jam
",,,negatif,,,,0,0,2,0,0
Mie sakera mantapp pokoknya👍🏻 …,positif,,,,,,1,0,0,0,0
"enakkk mienyaa, tempatnya juga bersih dan pelayanan ramah",positif,,positif,positif,,,1,0,1,1,0
"Enak makanannya, orang nya ramah, suasananya juga enak mantap dah, layak dicoba👍👍👍👍 …",positif,,positif,positif,,,1,0,1,1,0
"Yang cabe 20 kurang pedes, tempatnya bersih, best deh pokoknya, pelayanannya oke oke aja sih",netral,,positif,positif,,,3,0,1,1,0
"Mienya enak, karyawannya ramah** , dimsumnya  gede gede  tempatnya bersih",positif,,positif,positif,,,1,0,1,1,0
"Mienya enak banget, apalagi udang kejunya juara banget, bisa nambah saos nya juga pelayanannya oke",positif,,positif,,,,1,0,1,0,0
"Mie nya enak, pas sama kematangan nya ga terlalu nyemek jadi suka banget",positif,,,,,,1,0,0,0,0
Type mie yg agak nyemek cinta bngt. Cepat. Suasananya yang atas enak. Yg bawah agak pengap ya karena tempat memasak,positif,,,negatif,,,1,0,0,2,0
Tempat dan mienya sangat memuaskan😍🤩🔥🔥 …,positif,,,positif,,,1,0,0,1,0
Baru kali ini makan mie yang rasanya pas dan enak di lidah. Mie Sakera memang the best👍👍👍 …,positif,,,,,,1,0,0,0,0
"mienya enak banget, terus pelayanannya juga okee makasih ya mass mass mantepp 👍👍👌 …",positif,,positif,,,,1,0,1,0,0
"mienya enak bgtt
harganya terjangkau porsinya juga ga dkit😍pkok endul bgt dehh …",positif,positif,,,,,1,1,0,0,0
"Memang betul kata orang"" Mie Sakera enak banget 🥰🔥🔥🔥 …",positif,,,,,,1,0,0,0,0
"Tempat kotor, tidak disapu
Staff terlalu dikit
Pesanan 1 jam lebih belum ready bahkan belum dimasakkan …",,,negaitf,negatif,,,0,0,0,2,0
mie nya enak ga kalah sama yang lain minuman anggur jeruknya ngga yang kecut tapi cenderung manis seger,positif,,,,,,1,0,0,0,0
"Adem tempat e
Uenak"" poll menu ne
Playanan ramah bgtt 😍 …",positif,,positif,positif,,,1,0,1,1,0
"Rasanya pas banget bikin nagih 🔥
Apalagi karyawannya ramah""🥰🥰😍😍😍🤩 …",positif,,positif,,,,1,0,1,0,0
"Makanan nya enak , pelayanan bagus dan karyawan nya ramah",positif,,positif,,,,1,0,1,0,0
knapa kok ada tukang parkir siih? beli cmn 10k mlh jdi 12k,,netral,,negatif,,,0,3,0,2,0
"Pelayanan nya bagus, masnya cekatan ,makanannya enak",positif,,positif,,,,1,0,1,0,0
"Mienya enak, Tempatnya Bersih Dan Pelayanannya cepat",positif,,positif,positif,,,1,0,1,1,0
"Alhamdulillah mie sakera buka ditanggul ga usah jauh jauh kejember ,promo di banner beli 1 gratis 1 mantaap ,25 dan 26 Juni gasss",,positif,,positif,,,0,1,0,1,0
rasa mie sama bumbunya pas banget🔥😍 …,positif,,,,,,1,0,0,0,0
"karyawannya ramah"" dan mie sama bumbunya pas",positif,,positif,,,,1,0,1,0,0
"Mie nya enak,tingkat kematangan nya juga pas,pelayanan juga ramah banget",positif,,positif,,,,1,0,1,0,0
Lv 10 pedesnya mantap. Suka varian yg goreng,positif,,,,,,1,0,0,0,0
"Pelayanan nya cepat, karyawannya juga ramah🤗 …",,,positif,,,,0,0,1,0,0
"Mie nya enakan punya sebelah sih
Cuma dimsum nya aja yang enak",negatif,,,,,,2,0,0,0,0
"Wow siih, porsinya mie nya bikin kenyang di perut
Pedesnya nampol poll😋 …",positif,,,,,,1,0,0,0,0
"Tempatnya nyaman dan karyawannya ramah""😍😍🔥🔥 …",,,positif,positif,,,0,0,1,1,0
"Mie nya enak gurih manis, udang kejunya besarrrr mantabbb🫶🤌 …",positif,,,,,,1,0,0,0,0
"Simple banget beli mi di sakera bisa do ..
Mi nya kenyel enak dan pedesnya nampol",positif,,,,,,1,0,0,0,0
mienya sangat enak dan pas seleranya 🥰 …,positif,,,,,,1,0,0,0,0
"enak banget,pelayanan bagus banget dan bjsa diantar kerumah",positif,,positif,,,,1,0,1,0,0
Mie nya enak banget pokok bikin nagihh🤤🤤 …,positif,,,,,,1,0,0,0,0
"mantap abis enak ramah banget masnya, suasananya bersih mantap pokoknya josjis bolo",,,positif,positif,,,0,0,1,1,0
"ENAK BANGET PLS PLS PLS mie nya tebel tebel ngenyangin dah pokoknya, pelayanan nya oke lah cepet tpi standar gitu, mas mas nya juga ramah!",positif,,positif,,,,1,0,1,0,0
Pelayanan bagus👍👍👍 …,,,positif,,,,0,0,1,0,0
Suka banget sama mie sakera🥰mie sama bumbunya pas the best👍🏻🌶️🔥 …,positif,,,,,,1,0,0,0,0
"Pelayanannya sangat baik, makanannya tidak mengecewakan 👌👌 …",positif,,positif,,,,1,0,1,0,0
"Pelayanannya cepat, pelayan ramah, parkiran luas dan rasanya enak👍 …",positif,,positif,positif,,,1,0,1,1,0
"pelayanan nya ramah ,waiters nya sopan,mi gorengnya lezat",positif,,positif,positif,,,1,0,1,1,0
mienya enak tempatnya bersihh joss pkoknya,positif,,,positif,,,1,0,0,1,0
"Yang awalnya di depan rumah yg ada di Kalisat skrg udah ada di mana2, dan skrg buka lagi di tanggul, mantap banget mie sakera",,,,positif,,,0,0,0,1,0
"Rasanya mantul, dan untuk pelayanannya cepat dan pegawainya juga ramah ramah",positif,,positif,,,,1,0,1,0,0
tempat makan dilantai 2 sangat bagus pandangannya,,,,positif,,,0,0,0,1,0
Mie sama bumbunya pas banget 😍🥰😍🥰 …,positif,,,,,,1,0,0,0,0
suasananya menyenangkan dan pemandangannya langsung ke arah jalan,,,,positif,,,0,0,0,1,0
"enak, pelayanan nya baik, tempat nya bagus",positif,,positif,positif,,,1,0,1,1,0
tambah enak pedesnya kerasa banget the best pokok,positif,,,,,,1,0,0,0,0
Mie nya enak pelayanannya ramah,positif,,positif,,,,1,0,1,0,0
banyak promonya loh 😭 ga rugi kahhh?? enak juga😭 …,positif,positif,,,,,1,1,0,0,0
"Karyawannya ramah asikk, pelayanannya ok",,,positif,,,,0,0,1,0,0
rasa dan kenyamanan ditempat sangat senang banget😍😍😍😍 …,positif,,,positif,,,1,0,0,1,0
Pelayanan nya cepet. Karyawan nya ramah. Pedesnya nampol,positif,,positif,,,,1,0,1,0,0
Pelayanan nyaa ramah dan suka juga sama cita rasanya🥰 …,positif,,positif,,,,1,0,1,0,0
"Pelayanan dan makanannya baik, kebersihan perlu ditingkatkan lg.",positif,,positif,negatif,,,1,0,1,2,0
Mienya bikin nagih teruss🔥🔥🔥 …,positif,,,,,,1,0,0,0,0
Makanan cepet jadi cepet nyampek dan gratis ongkir area tanggul,,,positif,,,,0,0,1,0,0
mantab kak mie nya😁 …,positif,,,,,,1,0,0,0,0
"uwenakk polll, pelayanan nya oke, mas mas nya juga ramah",positif,,positif,,,,1,0,1,0,0
"Mantap semua makanannya,",positif,,,,,,1,0,0,0,0
"Enak, worth it harga segitu",,positif,,,,,0,1,0,0,0
Enak sudah gak usah jauh jauh ke jembrr,,,,positif,,,0,0,0,1,0
enak,positif,,,,,,1,0,0,0,0
"sesuai nama, mienya enak dan pedass",positif,,,,,,1,0,0,0,0
Enak bangetttt langganan skalii,positif,,,,,,1,0,0,0,0
Enak parahh one of the alternative noodle restaurant di tanggul💋💋💋💋 …,positif,,,,,,1,0,0,0,0
"ENAK BANGETTTTT, BANYAK PROMO NYA 😍😍😍 …",positif,positif,,,,,1,1,0,0,0
mantapp👌👌 …,,,,,positif,,0,0,0,0,1
pelayanannya ramah poll,,,positif,,,,0,0,1,0,0
"Enak,, sering ada promo juga",,positif,,,,,0,1,0,0,0
jangan lupa tanggal 25/26 grand opening,,,,,netral,,0,0,0,0,3
Mantapp kapan nii opening nya min,,,,,netral,,0,0,0,0,3
Kapan Shopee food masuk orderan di Tanggul,,,netral,,,,0,0,3,0,0
enakk bangetttt plissss♥️,positif,,,,,,1,0,0,0,0
Sangat memuaskan👍👍👍 …,,,,,positif,,0,0,0,0,1
enak banget,positif,,,,,,1,0,0,0,0
Pelayanan cepat,,,positif,,,,0,0,1,0,0
oke aja si,,,,,positif,,0,0,0,0,1
enak bangett,positif,,,,,,1,0,0,0,0
Aq sk pedasny,positif,,,,,,1,0,0,0,0
Jangan lupa Opening tanggal 25-26,,,,,netral,,0,0,0,0,3
Mantap🔥👺 …,,,,,positif,,0,0,0,0,1
Sangat puas🔥🔥🔥 …,,,,,positif,,0,0,0,0,1
mantapp,,,,,positif,,0,0,0,0,1
Baik,,,,,positif,,0,0,0,0,1
Tempat bersih,,,,positif,,,0,0,0,1,0
ENAK BIKIN NAGIH,positif,,,,,,1,0,0,0,0
sangat bagus,,,,,positif,,0,0,0,0,1
sangaatt baik,,,,,positif,,0,0,0,0,1
Yuk merapat😁 …,,,,,netral,,0,0,0,0,3
Josjisss abiss,,,,,positif,,0,0,0,0,1
Secara keseluruhan bagus,,,,,positif,,0,0,0,0,1
Ini sangat bagus 👍👍 …,,,,,positif,,0,0,0,0,1
Menyesap,,,,,netral,,0,0,0,0,3
Segera hadir,,,,,netral,,0,0,0,0,3
pelayanan baik dan cepat makanannya jugaa enakk suka bangett disini,positif,,positif,,,,1,0,1,0,0
"Tempatnya nyaman,pelayanannya juga bagus",,,positif,positif,,,0,0,1,1,0
"Makanannya enak
Tempatnya nyaman
Dan pelayanan ny 👍👌 …",positif,,positif,positif,,,1,0,1,1,0
"Untuk ricebowl sambal matah, mungkin sayurannya bisa pakai bahan yang lebih fresh dan porsi ayamnya ditambah. Overall suasana tempat oke, makanan oke, dan layanan juga oke tapi masih bisa ditingkatkan.",negatif,,positif,positif,,,2,0,1,1,0
"buat mie nya terlalu keringg, tapii untuk rice bowl, udang rambutan nya itu the besttt bgttt wajib cobain!",negatif,,,,,,2,0,0,0,0
"Suaranya nyaman bgt, tempat bersih, pelayanan ramah dan cepat. Mienya juga oke punya",positif,,positif,positif,,,1,0,1,1,0
tempat nya enak... makanan dan minuman nya juga macem2... suasana bisa buat utk suasana menyejukkan pikiran 😊😊 …,netral,,,positif,,,3,0,0,1,0
Cocok untuk tempat makan bersama,,,,positif,,,0,0,0,1,0
Saya  makan disana terus ada yang di bungkus lamaaaaaaa banget  nungguin yang dibungkus padahal keadaan disana  gak rame  pelayan nya juga lagi nyantai,,,negatif,,,,0,0,2,0,0
"tempatnya bersih, pelayanan nya ramah dan cepat",,,positif,positif,,,0,0,1,1,0
"Sudah sangat baik, pelayanan bagus, mantap",,,positif,,,,0,0,1,0,0
Untuk parkir mobil tolong kondisikan supaya tidak mengganggu jalan. (Ini aman sudah teratasi). …,,,,negatif,,,0,0,0,2,0
enakk. rasa udangnya enak.,positif,,,,,,1,0,0,0,0
Nota gk dicetak dulu nunggu lama juga,,,negatif,,,,0,0,2,0,0
"Enak, kak cuman saran aja kak untuk dimsum udang keju nyaa eman banget kenapa harus ada kulitnyaa :) tapi enakk",negatif,,,,,,2,0,0,0,0
"menu mie goyangnya enak, untuk kepedasan bisa disesuaikan sendiri dan kecapnya juga kerasa. untuk pelayanan juga ramah serta suasananya bikin pw karna rapi",positif,,positif,positif,,,1,0,1,1,0
cs ramah poll mbak sarii kerenn,,,positif,,,,0,0,1,0,0
"Enak mie nya, dan tempatnya nyaman",positif,,,positif,,,1,0,0,1,0
"pelayanan yang begitu ramah, makanan cepat di antar, memuaskan sekali di sini, tempat nya juga bagus",,,positif,positif,,,0,0,1,1,0
"makanannya enak, tapi pelayanannya harus lebih teliti lagi agar tidak salah saat mengantar makanan, tempatnya jg bersih bagus rapi",positif,,negatif,positif,,,1,0,2,1,0
"Makanannya enak, tempatnya luas dan bersih. Recommended buat balik lagi kesini.",positif,,,positif,,,1,0,0,1,0
"makanannya sudah sesuai dan alat untuk self service bisa jadi tidak perlu mengantri terlalu lama, pelayanan juga bagus dan pesanan tidak menunggu sampai 15 menit, worth it dan ga kalah enak dari mie tetangga 👍🏻 …",positif,,positif,,,,1,0,1,0,0
Tempat nya enak ramah pelayanannya,,,positif,positif,,,0,0,1,1,0
"enakk, tempat bersih dan nyaman, pokok best👍👍 …",positif,,,positif,,,1,0,0,1,0
"Suasana nya nyaman,
Pegawai nya juga cepat dan ramah..",,,positif,positif,,,0,0,1,1,0
"Tempatnya bersih, selalu memberikan pelayanan yang terbaik. Pokoknya best deh☺️",,,positif,positif,,,0,0,1,1,0
"Tempat nya bersih pelayanan nya cepat, minya enak, jangan lupa mampir ke sini yaa",positif,,positif,positif,,,1,0,1,1,0
"Nyaman, cuma menurut saya lampunya terlalu redup",,,,negatif,,,0,0,0,2,0
bagus banget bersih dan nyaman,,,,positif,,,0,0,0,1,0
"Ambience enak, kalau mie sih selera masing2 ya. Dibandingin dengan merk sebelah, mie yang kecapnya lebih kerasa manis dan ga terlalu pedes di level yang sama. Dimsumnya yang saya coba, udang keju lebih kerasa udangnya. …",positif,,,positif,,,1,0,0,1,0
"Mie di Wizzmie enak sekali, rasanya sangat cocok di lidah. Minumannya juga seger banget di tenggorokan.",positif,,,,,,1,0,0,0,0
"pelayanannya sangat memuaskan, karyawannya juga sangat ramah",,,positif,,,,0,0,1,0,0
"Tempat makannya bersih nyaman, toilet bersih Bagus, makanannya enak",positif,,,positif,,,1,0,0,1,0
"Buat layanan take away tolong lebih teliti lagi. saya pesan level 0, 3, dan 4 tapi tulisannya nggak ada yang bener, yang level 4 malah nggak ada cabenya sedangkan yang level 0 malah banyak cabenya dan lebih pedes dari yang level 3.",,,negatif,,,,0,0,2,0,0
Tempat nyaman pelayanan ramah makanan enak,positif,,positif,positif,,,1,0,1,1,0
makanan nya enak dan worth it bgt buat harganyaa,positif,positif,,,,,1,1,0,0,0
sangat bgusssss sekalii mantap poll,,,,,positif,,0,0,0,0,1
Baru pertama kali makan di wizmie jember.. kerasa perbedaannya dgn menu sambal matah yg fresh.. layanan juga keren.. suasana krn masih jam 11 jadi belum terlalu rame..,netral,,positif,netral,,,3,0,1,3,0
"tempatnya nyaman , makanan enak dan pelayanan ramah",positif,,positif,positif,,,1,0,1,1,0
"Enak, pelayan ramah, mantap poll",,,positif,,,,0,0,1,0,0
"Tempatnya nyaman banget... Sitting area nya luas, Dan pelayanan nya cukup cepat Dan ramah. Rasa mie nya enak 9/10, sushinya 7/10.. gelato untuk ukuran 1 scoop itu dikit bettt. Rice bowl standard sih...  Over all cukup enak kok",positif,,positif,positif,,,1,0,1,1,0
"enak bangettt, wajib nyoba",positif,,,,,,1,0,0,0,0
tempatnya nyaman,,,,positif,,,0,0,0,1,0
Mantap enak banget,positif,,,,,,1,0,0,0,0
Tempat nya nyaman.. makanannya enak .. cuma untuk tempat KLO bisa di tambah kipas angin biar ga terlalu panas.. over all okey...,positif,,,negatif,,,1,0,0,2,0
"Semangat mbak cerin, thx ya pelayanannya",,,positif,,,,0,0,1,0,0
"Satu resto mie hadir di jember dengan konsep lebih instagramable, varian menu yang banyak tidak cuma mie, tapi juga ada rice bowl, sushi bahkan gelato.
Dibanding gaco**, mie disini lebih enak karena gorenganya isi daging ayam bukan …",positif,,,positif,,,1,0,0,1,0
"tempatnya luas enak,pelayanan Baik",,,positif,positif,,,0,0,1,1,0
"IMO .Taste foodnya kurang buat lidahku.
Gelatonya oke bgt dan uda aku tanya klo halal.
Tapi tempat oke ,pelayanan ramah.",negatif,,positif,positif,,,2,0,1,1,0
"pelayanan sangat ramahh, suasananya nyaman, dan makanannya sangat enak",positif,,positif,positif,,,1,0,1,1,0
Sangat baik....akan tetapi kami tidak menemukan tisue ..,,,,negatif,,,0,0,0,2,0
"Makanannya enak2 mantap, harga ekonomis",positif,positif,,,,,1,1,0,0,0
"Rasa makanannya sangat enak dan rasa pedasnya juga pas sesuai yang kita pesen, tempatnya juga estetik dan bersih. Pokoknya suka banget sama Wizzmie satu ini deh mantapp betull jadi bisa sering² kesini lagii🤩🤩💗💗 …",positif,,,positif,,,1,0,0,1,0
"avocado coffee frappe-nya, rasa avocado kurang terasa. mungkin lain kali bisa ditawarkan terlebih dahulu kadar kopinya. selain itu, mungkin pelayanannya bisa lebih cepat",negatif,,negatif,,,,2,0,2,0,0
"Pelayanan bagus banget. Mudah dn cepat. Bsa pake Qris jdi gak usa antri. Big thanks for wizzmie
👍🤩 …",,,positif,,,,0,0,1,0,0
"makanan yang enak, pelayanan yang ramah, tempat yang nyaman",positif,,positif,positif,,,1,0,1,1,0
Suananya mendukung buat kita yang butuh tempat untuk merenung,,,,positif,,,0,0,0,1,0
"Pelayanan cepat dan bersih, tempat ademm bikin betah",,,positif,positif,,,0,0,1,1,0
"Pagawainya ramah
suasana enak",,,positif,positif,,,0,0,1,1,0
"pelayanannya ramah,tempatnya bagus,luas jadi enak meskipun disini berjam""ga takut diusir soalnya tempatnya luas banggetttt",,,positif,positif,,,0,0,1,1,0
"untuk makan dan pelayanan cukup baik dan cepat, begitu juga dengan suasananya yang bagua",positif,,positif,positif,,,1,0,1,1,0
"Saya suka makan disini karena tempatnya nyaman dan enak, kalau rasa mie nya itu yaa lumayan",positif,,,positif,,,1,0,0,1,0
"tempatnya nyaman,luass pelayanannya juga cepat
rekomen bgtt buatt ngisi perutt yg lgi laperr dan lg mls masakk",,,positif,positif,,,0,0,1,1,0
Suasananya nyaman...cocok untuk santai dan nongkrong bareng teman atau keluarga,,,,positif,,,0,0,0,1,0
"terimakasii wizzmie jember, udah bantu acaraa sweetseventeen sayaa!",,,positif,,,,0,0,1,0,0
Oke suasanya juga ok toiletny bersih,,,,positif,,,0,0,0,1,0
"Sejak awal buka sering ke sini…
Rasanya enak sih, cuma kadang lumpia ayamnya berubah rasanya 🤔🤔
Selain itu baik-baik aja sih, it's delicious～～ …",negatif,,,,,,2,0,0,0,0
"makanan enak, wifi ngebut, buat makan sambil buka laptop enak bgt. sering bgt kesini tp kenapa playlistnya itu mulu yah?? jujur bosann bgtt tdk bervariasi😭🙏 tolong ditambahin lg dong wizzmie …",positif,,,negatif,,,1,0,0,2,0
Makanannya enak,positif,,,,,,1,0,0,0,0
pelayanan bagus dan makanan enak,positif,,positif,,,,1,0,1,0,0
"Pelayanan gercep, pegawainya ramah, tempatnya bersih. Recomend banget buat nongki 🥰 …",,,positif,positif,,,0,0,1,1,0
pelayanannya ramah sekali... pesen makanan dan ga perlu tunggu lama pesenanya sudah jadiii secepet itu emang wizmiee🔥 …,,,positif,,,,0,0,1,0,0
"Enak bangetttt, worth it banget buat yang mau nongkrong disini sama temen atau keluarga",,,,positif,,,0,0,0,1,0
"Tempat nya bagus dan nyaman..
Makanannya jugak enak enak sesuai sama harganya",positif,,,positif,,,1,0,0,1,0
"mie dan side dish enak dan murah..tempat nyaman banget, cuma parkirannya terbatas sih utk mobil..",positif,positif,,negatif,,,1,1,0,2,0
Makanan nya enak tempatnya luas,positif,,,positif,,,1,0,0,1,0
"pelayanan nya baguss, bersih, ramah, cepat wifi kenceng,banyak pilihan makanan,luas, lighting bagus top+++",positif,,positif,positif,,,1,0,1,1,0
"WIZZMIE JEMBERR BINTANG 5 WKWK

#BARENGBESTIE BOLEE JUGAA 🤘🏼 …",,,,,positif,,0,0,0,0,1
"Tempat dan suasananya nyaman dan bersih, pelayanan baik dan semua menunya jugaa terjangkau👍 …",,positif,positif,positif,,,0,1,1,1,0
"Pesen rice bowl lama banget, setengah jam lebih pesen mie & rice bowl yang selesai mienya dulu. Apakah nasinya masih nanak dulu?",,,negatif,,,,0,0,2,0,0
Makanannya enak enak,positif,,,,,,1,0,0,0,0
makanannya better dari waktu awal bukakk. chicken blackpepper nya kerasa bumbunya. karena makannya rame2 sama temen dapet bonus mie 1 porsii😆 …,positif,,,,,,1,0,0,0,0
"Makanan enak, pelayanan sangat memuaskan",positif,,positif,,,,1,0,1,0,0
ada in mie goyang level dong:v,netral,,,,,,3,0,0,0,0
"Mie nya datang sangat LAMA SEKALI, HAMPIR 2 JAM MENUNGGU,jadi trauma ke sini lagi,",,,negatif,,,,0,0,2,0,0
"Pesanan dimsum lama sekali, hampir 1 jam.
Sampai selesai mau plg masih belum dihidangkan
Perbaiki!!",,,negatif,,,,0,0,2,0,0
"pelayannanya lama hampir satu jam
udah ditanyain ke waitersnya malah diduluin ke yg dtg duluan",,,negatif,,,,0,0,2,0,0
"Pelayanan sangat ramah, makanan enak, harga terjangkau.",positif,positif,negatif,,,,1,1,2,0,0
"Mba²nya ramah, pelayanannya cepet, recomended pokonya",,,positif,,,,0,0,1,0,0
"Enak, pelayanan oke bgt meskipun kadang sering kewalahan kakak²nyaa",positif,,positif,,,,1,0,1,0,0
"Tempatnya nyaman, makanannya enak",positif,,,positif,,,1,0,0,1,0
"Alhamdulillah
Menemukan tempat yang nyaman untuk nongkrong sambil menikmati mie yang enak
Siomay Mak nyuss …",positif,,,positif,,,1,0,0,1,0
cuma kasirnya kurang teliti aja ngasih nama customer akhirnya karna nama gajelas jadi ga dipanggil,,,negatif,,,,0,0,2,0,0
"Pelayanannya cepat makannnya enak"" plus murah""",positif,,positif,,,,1,0,1,0,0
"tadi aku makan di mizz mie Jember, rasanya enak banget macam mie,Susi,minuman,dan es krim,aku beli bannya dan harga nya murah",positif,positif,,,,,1,1,0,0,0
Pelayanannya cepat,,,positif,,,,0,0,1,0,0
Makanan enak dengan harga cukup terjangkau. Tempat dekat dengan area kampus dan atmosfir yang nyaman untuk kumpul2 dengan teman,positif,positif,,positif,,,1,1,0,1,0
"Makanan dan minuman enak
Lebih nyaman makan di sini karena tempatnya adem dan pasti available untuk tempat duduknya",positif,,,positif,,,1,0,0,1,0
Pelayanan bagus & makanan nya enak-enak.,positif,,positif,,,,1,0,1,0,0
"bagus banget tempat pemandangan nya, adem dan menenangkan hati..
untuk makanan sdh pas dan oke banget",positif,,,positif,,,1,0,0,1,0
"tempatnya bersih, gelatonya enak dan enak. kalo bisa isian udang kejunya dan bola kejunya diganti",negatif,,,positif,,,2,0,0,1,0
Sebenernya secara keseluruhan sudah baik hanya saja mesin self ordernya tidak berfungsi dengan baik (touchscreennya),,,,negatif,,,0,0,0,2,0
Tempat makan nya enak bersih..pelayanan juga enak ..gelatonya favorit an recomended...semoga menunya bisa nambah varian lagi dan makin enak..,positif,,positif,positif,,,1,0,1,1,0
mantap,,,,,positif,,0,0,0,0,1
"pelayanan ramah bgt, rasa konsisten, pokoknya kesini aja deh",positif,,,positif,,,1,0,0,1,0
"Suka banget sm pelayanannya, makanannya enak² jugaa.",positif,,positif,,,,1,0,1,0,0
"Pelayanan ramah, miee dan rice Bowl nya mantappp, ice leci nyaa juga enakk, complitt pokoknyaa, recomended bangetttt,😉 …",positif,,positif,,,,1,0,1,0,0
"lychyee tea nya paitt bgtt. but it's okayy, makanan, pelayanan, dan kebersihan jempoll 2. tolong di perhatikan lagi yaa. mangatss teamm :)",negatif,,negatif,,,,2,0,2,0,0
"Pelayanan baik, makanan cepat sampai ga menunggu lamaa. Tempat bersih dan nyaman.",,,positif,positif,,,0,0,1,1,0
"Tempat baru, lumayan enak",,,,positif,,,0,0,0,1,0
"Bagus tempatnya nyaman lebih nyaman dari tempat makan mie lainya
Suka juga karena ada gelato
Kepedasan minta kecap juga di kasi mantapp",positif,,positif,positif,,,1,0,1,1,0
Sesuai ekspetasi mkn d wizzmie jember,,,,,positif,,0,0,0,0,1
"buat kritsarnya belum ada, karena overall bagus banget!! dari rasa, lama pelayanan, & harganya affordable jadi worth to buy & repurchase. paling pentiing menunya banyak, jadi ngga bingung mau coba yang mana ajaa! thank youuuu wizzmie.",positif,positif,positif,,,,1,1,1,0,0
"Saya mengalami pengalaman kurang menyenangkan saat saya makan dine in. Hingga pesanan makanan saya habis, dan kami kepedesan, minuman yang kami pesan, es teh, tidak juga di antar. Akhirnya kami komfirmasi ke kasir, dan membeli lagi air …",,,negatif,,,,0,0,2,0,0
ricebowl ayam sambal matah nya mantul,positif,,,,,,1,0,0,0,0
Rice ball sambal matah pedes manteb... Suasana xaman banget... Gak desek2kan jg jd enak banget u nongki2 santay... Barakallah u semua,positif,,,positif,,,1,0,0,1,0
"40 menit hanya untuk es teh, nunggu pesenan +- 1 jam. Perbaiki SOP kitchen/ tambah tenaga. Kelamaan smpe ga laper. Bahkan meja sebelah lebih dulu terisi, padahal yang datang duluan kami.",,,negatif,,,,0,0,2,0,0
"best place lah.
pelayanan cepat, tempat bersih gaes.
tetap di pertahankan ya quality nya.",,,positif,positif,,,0,0,1,1,0
"makanannya enak, pelayanannya bagus",positif,,positif,,,,1,0,1,0,0
"pelayanan baik,makanan juga enak,tempatnya juga astetik,cocok buat makan bareng keluarga 😍😍😍😍😍😍 …",positif,,positif,positif,,,1,0,1,1,0
"Pelayanan cepat, tempat luas dan ada berbagai macam pilihan ruang, pilihan menu banyak dengan harga kompetitif. Entah kenapa sya kurang cocok dengan mie nya, terlalu alot sedikit (mungkin ini tergantung lidah ya), namun untuk menu2 yg lain enak kok, pangsit, dimsum nya enak, gelato ada berbagai pilihan rasa.",negatif,positif,positif,positif,,,2,1,1,1,0
"Banyak varian menu makanan, minuman, dan gelato, suasana sejuk",netral,,,positif,,,3,0,0,1,0
"Jam makan siang pas gak terlalu ramai. Nyobain gelatonya, pass buat saya. Dan yg berkesan adl harga yg  bersahabat 😂 …",positif,positif,,positif,,,1,1,0,1,0
"Tempat nya bagus dan pelayanannya ramah banget,,
Recomended sekali dan harganya terjangkau 👍👍👍 …",,positif,positif,positif,,,0,1,1,1,0
"pelayanan bagus, makanan bervariasi. highly recommended",netral,,positif,,,,3,0,1,0,0
Tempatnya bagus bersih,,,,positif,,,0,0,0,1,0
Lebih enak. Lebih cepat. Lebih nyaman. Dan lebih ramah. 9/10. Masukan mungkin hanya untuk bagian outdoor/ditaman bisa ditambah lagi lampunya. Kalau malem bisa dibilang kurang terang,positif,,positif,negatif,,,1,0,1,2,0
"makanannya enak bgt, harga kantong mahasiswa kok, apalagi dimsumnya. tapi boleh ga lv 1 itu ga cabe 5, soalnya pedes poll🙂 …",positif,positif,,,,,1,1,0,0,0
"Tempat sangat nyaman, murah, dan makanannya enak",positif,positif,,positif,,,1,1,0,1,0
"Suasana nyaman buat nongkrong, pelayan ramah dan asyik meski berlama-lama ngobrol",,,positif,positif,,,0,0,1,1,0
"Pelayanan cepat, menu lengkap dan promo di setiap ada acara. Harga terjangkau buat mahasiswa",positif,positif,positif,,,,1,1,1,0,0
"enak ini drpd gacoan, sumpah pelayanan cepat pollll dan banyak menu",positif,,positif,,,,1,0,1,0,0
"Mie manja + chiken wings, combo terbaik 👍👍 …",positif,,,,,,1,0,0,0,0
sippp bangettt makanan dan tempatnya comfy,positif,,,positif,,,1,0,0,1,0
"Tempat dan pelayanan sangat baik,  makanan minuman pun enak dengan harga yg terjangkau",positif,positif,positif,positif,,,1,1,1,1,0
"Menu makanan n minuman enak
Tempat nya enak, cukup luas, n kondusif utk bawa anak kecil
Ada tempat ngecharge jg di beberapa spot, jadi enak buat kerja",positif,,,positif,,,1,0,0,1,0
Rasanya enak mantul ndak bikin eneg.,positif,,,,,,1,0,0,0,0
Enak bgt rasanya mantap👍🏻 …,positif,,,,,,1,0,0,0,0
service pelayanan nya cepet bgt padahal dine in ga sampe 10 menit,,,positif,,,,0,0,1,0,0
"Tempatnya cocok banget buat ngobrol ataupun study date wkwk. Intinya suasananya tuh nyaman aja gitu, dan tentunya bersih, pokoknya recomended banget deh!!!",,,,positif,,,0,0,0,1,0
"layanan nya cepatt, mie nya juga pedesss padahal cuman level 1. suasananya nyaman, tidak terlalu padat, family friendly. musholla nya kalo bisa disekat antara laki laki & perempuan",netral,,positif,positif,,,3,0,1,1,0
tempatnya nyaman dan makanannya rekomen banget 🔥 …,positif,,,positif,,,1,0,0,1,0
"tadi pulang kuliah langsung mampir di wizzmie sumpah enak banget cuy sampek nambah beberapa menu tapi tidak menguras kantong kuliah,tadi aku pesen mie goyang level 2 sumpah enak banget ga ngecewain dimsam paling enak udng keju sama ceker pas minumnya es dj menu andalanku yuk buat pelajar atau mahasiswa buruan cobain di wizzmie",positif,positif,,,,,1,1,0,0,0
"menunya variatif, kakaknya ramah"" Anjayyy",positif,,positif,,,,1,0,1,0,0
"Makanan super lezat, pelayanan juga ramah 🫶 …",positif,,positif,,,,1,0,1,0,0
"Tempatnya nyaman, pelayanannya fast bangett, tempatnya bersih, pkoknya enak banget buat kumpul bareng temen/pcr/kluarga",,,positif,positif,,,0,0,1,1,0
"1. tempatnya nyaman
2. pelayanan ramah
3. mie diskonya asin, dingin walaupun baru disajikan dan masi berasa kaku.
semoga dapat diperbaiki lagi",negatif,,positif,positif,,,2,0,1,1,0
"Pertama kali makan di sini langsung xperience yang gak enak. Udang keju nya bau, mi nya keras dan masih terasa undercook dan bau frozennya terasa banget

Hadeh",negatif,,,,,,2,0,0,0,0
"Makanannya enak, suasananya nyaman, mas mbaknya ramah dan makanan yang dateng juga lengkap semua 👍👍👍 …",positif,,positif,positif,,,1,0,1,1,0
Makanannya enak dan harganya juga terjangkau. Cuma alangkah lebih baiknya jika di setiap meja disediakan tisu biar pengunjung tidak kesusahan.,positif,positif,,negatif,,,1,1,0,2,0
"Selalu suka makanan , tempat nya bersih nyaman , top mantap",positif,,,positif,,,1,0,0,1,0
"Menurut saya terkait perubahan yg dilakukan wizzmie sudah bagus, baik dari segi pelayanan, harga, maupun fasilitas. Terutama bahan mie yg digunakan menurut saya sudah lebih baik dari sebelumnya. Dari segi rasa pun sekarang sudah bisa lebih bersaing dari sebelumnya.",positif,positif,positif,,,,1,1,1,0,0
"Pelayanan lama, padahal sepi lebih rame gacoan",,,negatif,,,,0,0,2,0,0
recomend bngtt untuk mahasiswa/pelajar yang mau nongki,,,,,positif,,0,0,0,0,1
"all menu Favorit, terlebih udang keju dabest",positif,,,,,,1,0,0,0,0
"Tempatnya Sangat nyaman dan menunya juga enak-enak.
Pokoknya suka bnget deh",positif,,,positif,,,1,0,0,1,0
"makanan nya enak pelayanan juga bagus👍
perfect👍👍 …",positif,,positif,,,,1,0,1,0,0
"Tempatnya nyaman, menu variatif, rasanya menurutku enak kom. Best banget deh pokok.",positif,,,positif,,,1,0,0,1,0
Tempatnya nyaman dan bersih makanannya enak sekaliii mienya lumayan banyak,positif,,,positif,,,1,0,0,1,0
"tempatnyaa cozyy bangett, makanannyaa enak, mas mbanyaa jugaaa ramah dan pelayanannya cepat",positif,,positif,positif,,,1,0,1,1,0
"Menu makanan sesuai selera, pelayanan cepat, master chef.nya banyak sesuai job desk, baru singgah duduk sebentar auto makanan datang, terimakasih wizz me jember",positif,,positif,,,,1,0,1,0,0
"Suasananya nyaman, makanannya recommended, pelayanannya ramah dan cepat",positif,,positif,positif,,,1,0,1,1,0
Pelayanan cepat dan ramah,,,positif,,,,0,0,1,0,0
Memuaskan dan enak untuk dinikmati tempatnya nyaman dan susasana mendukung,positif,,,positif,,,1,0,0,1,0
"Mie enak, level cabenya enak, sushi rollnya enak, tempat nyaman, fasilitas bagus, tapi mejanya kadang masih lengket belum terlalu bersih, parkiran motor luas, harga terjangkau",positif,positif,,negatif,,,1,1,0,2,0
"gapernah bosen sama wizzmie , karna pelayanann okee rasa jga pas kantong pelajarr banget , sukses yaa wizzmiee😊🙏 …",positif,positif,positif,,,,1,1,1,0,0
Pelayanan memuaskan. Rasa makanan OK...,netral,,positif,,,,3,0,1,0,0
Tempatnya enak luas mienya rasanya juga enak  pelayanan juga ok. Rekomen bgt pokoknya dahh🥰 …,positif,,positif,positif,,,1,0,1,1,0
"Mantap jozzzz, pelayanan baik, ramah",,,positif,,,,0,0,1,0,0
"menu nya memuaskan, enak semua, antri dan tempatnya ga ribet, pelayanan cepat",positif,,positif,positif,,,1,0,1,1,0
"ukuran classic roll nya bisa lebih konsisten mungkin buat kedepannya, sisanya buat service sama kebersihan udah bagusss. ⭐️⭐️⭐️⭐️⭐️",negatif,,positif,,,,2,0,1,0,0
"Kurang teliti baca pesanan. Salah pesanan, tpi menu yg lain juga enak kok.... Makasiii. Pelayanan nya top.",positif,,negatif,,,,1,0,2,0,0
"Suasananya enak segar alami . Krn ada area yg semi terbuka. Hanya tdk ramah parkir mobil .kami parkirnya di seberang diusir2 pula sama pedagang2
Mgkn ke depannya bsa di bagj lahannya jgn motor semua..",,,,negatif,,,0,0,0,2,0
"Harga terjangkau, tempatnya nyamann, cocok banget buat meeting-meeting atau hangout bareng temennn. The best lah pokoknyaa🤗 …",,positif,,positif,,,0,1,0,1,0
"Pelayanan bagus, suasana juga okee👍👍 …",,,positif,positif,,,0,0,1,1,0
"Makanannnya enak pelayanannya bagus, katcau",positif,,positif,,,,1,0,1,0,0
Pelayanan cepat tidak menunggu sampai 15 menit mie nya juga enak kecil² tapi nagihh pedasnya juga pas ❤️‍🔥 minuman sesuai yang dimenu pokoknya the best …,positif,,positif,,,,1,0,1,0,0
"Pelayanan yang ramah
Makanan yang enak
Tempat yang nyaman",positif,,positif,positif,,,1,0,1,1,0
Mienya enak gak enek gtuloh rasanya,positif,,,,,,1,0,0,0,0
"Makananya enak , tempatnya juga nyaman🥰 …",positif,,,positif,,,1,0,0,1,0
"So far enak semua, mulai dr pelayanan, makanan untuk harga sangat sangat affordable. Sukaaa wajib cobaaa!!",positif,positif,positif,,,,1,1,1,0,0
